0.7360473
0.5339251
0.614223
0.8111417
0.5934088
0.694623
0.61759
0.4953576
0.5110703
0.6665646
0.6216713
0.5220896
0.5896337
0.5102541
0.6026936
0.5682073
0.5792266
0.5719825
0.5761657
0.6272829
0.6854403
0.5917763
0.5158657
0.7250281
0.5612693
0.6731966
0.6215692
0.6217733
0.5360677
0.5048464
0.647791
0.7193144
0.6354454
0.661055
0.5069891
0.5428018
0.5089277
0.5689215
0.459851
0.5550454
0.6512601
0.5205591
0.6170799
0.557188
0.5684114
0.5319865
0.48995
0.6961535
0.5422916
0.4192429
0.5253546
0.6661565
0.6649321
0.5878992
0.550454
0.6400367
0.5928987
0.5726967
0.4192429
0.6596266
0.5932048
0.6205489
0.8209366
0.5710642
0.6793184
0.5779002
0.4364861
0.6186103
0.5822875
0.5257627
0.6091215
0.6320784
0.5615753
0.5684114
0.6524844
0.4829099
0.5853484
0.4973982
0.5849403
0.5578002
0.5465769
0.6638098
0.5098459
0.6621773
0.7084991
0.5431078
0.5951434
0.835527
0.5675951
0.5585144
0.5439241
0.5551474
0.4918886
0.6165697
0.5505561
0.4416896
0.5091317
0.5535149
0.4542394
0.5311703
0.5344353
0.4718906
0.5917763
0.4843383
0.5714723
0.553719
0.5719825
0.5127028
0.6139169
0.50352
0.5675951
0.369146
0.6051423
0.5582083
0.5006632
0.6280992
0.5453525
0.5386185
0.5321906
0.5018876
0.6468728
0.6285073
0.5974901
0.7073768
0.5707581
0.4972962
0.4857668
0.4925008
0.624324
0.6559535
0.5897357
0.5087236
0.5741251
0.6359555
0.4654627
0.5061728
0.5506581
0.5142332
0.6591164
0.6186103
0.6167738
0.6642179
0.604122
0.6976839
0.6167738
0.4381186
0.4862769
0.5776962
0.6882971
0.509948
0.5742271
0.7219671
0.6471789
0.4875013
0.627589
0.711458
0.7822671
0.5252525
0.6471789
0.5485155
0.4786246
0.4986226
0.6560555
0.647791
0.4896439
0.6223855
0.587389
0.45628
0.5895317
0.5553515
0.5486175
0.4683196
0.5061728
0.4075094
0.5563718
0.5601469
0.6186103
0.4680135
0.5347414
0.4591368
0.5412713
0.473319
0.6423834
0.7107438
0.5714723
0.7768595
0.6729926
0.6574839
0.6416692
0.7609428
0.6691154
0.5359657
0.4813795
0.6653403
0.5756555
0.5837159
0.701459
0.6155494
0.5458627
0.5970819
0.7059484
0.5607591
0.5893276
0.7167636
0.6139169
0.5755535
0.5208652
0.6500357
0.6121824
0.7629834
0.6807469
0.4726048
0.5497398
0.66432
0.5240282
0.5141312
0.5161718
0.6434037
0.5250485
0.7164575
0.6448322
0.6820733
0.5043363
0.5948373
0.4825018
0.6134068
0.4906642
0.721559
0.7171717
0.7250281
0.5325987
0.6205489
0.4537292
0.664422
0.5994286
0.4132231
0.594123
0.5056627
0.5519845
0.5785124
0.5205591
0.7933884
0.5351495
0.4947454
0.5779002
0.5579023
0.587185
0.5842261
0.6139169
0.6118763
0.6654423
0.6661565
0.5023977
0.433017
0.5769819
0.7668605
0.5730028
0.6955413
0.5258647
0.654525
0.6156515
0.4693399
0.5008673
0.5659627
0.6077951
0.5121926
0.6853382
0.5895317
0.6486073
0.4470972
0.5465769
0.6824814
0.5459647
0.630854
0.5123967
0.7088052
0.5044383
0.6095296
0.6044281
0.6182022
0.5826956
0.5844302
0.6522804
0.5082134
0.5228038
0.5350474
0.6797266
0.5265789
0.5622896
0.5733088
0.6668707
0.5986124
0.5049485
0.5373941
0.4854607
0.6082032
0.5245383
0.4505663
0.6519743
0.6646261
0.4288338
0.7301296
0.5516784
0.5117845
0.5382104
0.7211509
0.5786144
0.5910621
0.6354454
0.6997245
0.5741251
0.557086
0.5812672
0.7576778
0.4770942
0.771656
0.5387205
0.6094276
0.5454545
0.5343332
0.5621875
0.6144271
0.5673911
0.5854505
0.7295174
0.6685032
0.6371799
0.5789205
0.4992348
0.5272931
0.5607591
0.4587287
0.5725946
0.5062749
0.4557698
0.5275992
0.5485155
0.6468728
0.6373839
0.6272829
0.5589226
0.5588205
0.6292215
0.4593409
0.5561677
0.5550454
0.4196511
0.5974901
0.7739006
0.5878992
0.5285175
0.590654
0.5055607
0.5127028
0.5643302
0.6116723
0.5880012
0.7100296
0.5612693
0.5128048
0.7288032
0.624324
0.5248444
0.7865524
0.5362718
0.5612693
0.617488
0.4115907
0.5758596
0.6061626
0.6864606
0.5672891
0.5454545
0.7118661
0.4287318
0.6963575
0.5480053
0.5270891
0.5088256
0.6667687
0.5190287
0.5449444
0.4839302
0.5044383
0.5612693
0.7388022
0.5725946
0.6111621
0.5130089
0.5864708
0.5385165
0.5325987
0.5659627
0.6805428
0.7067646
0.5493317
0.5487195
0.5455566
0.607285
0.6413631
0.6463626
0.6124885
0.8039996
0.4962759
0.7993062
0.7075809
0.5043363
0.5539231
0.4776043
0.5640241
0.6536068
0.5037241
0.6116723
0.55025
0.7120702
0.6284053
0.6505459
0.5430058
0.5321906
0.701459
0.5472911
0.6595245
0.8286909
0.6425875
0.5791246
0.4258749
0.4892358
0.4948475
0.4038363
0.5952454
0.4996429
0.5611672
0.7059484
0.7093154
0.5458627
0.5881033
0.570452
0.5084175
0.4547495
0.6982961
0.557188
0.5338231
0.5086216
0.4629119
0.5786144
0.5110703
0.4940312
0.4717886
0.5539231
0.5520865
0.5242322
0.6289154
0.6345271
0.5177023
0.6190185
0.7343128
0.7059484
0.6424855
0.5385165
0.5828997
0.5371901
0.4989287
0.5380063
0.5348434
0.6125906
0.587083
0.6047342
0.6893174
0.6547291
0.5781043
0.5627997
0.64422
0.6660545
0.7721661
0.6315682
0.5178043
0.560453
0.5038261
0.5522906
0.6361596
0.6612591
0.6132027
0.5145393
0.6271809
0.6091215
0.5936129
0.7142128
0.5583104
0.5817774
0.8794001
0.540149
0.5312723
0.7033976
0.4504642
0.503418
0.5147434
0.5142332
0.5386185
0.5451485
0.724926
0.6789103
0.573717
0.8794001
0.5600449
0.5059688
0.530048
0.6060606
0.5621875
0.5074992
0.5093358
0.6304459
0.5558616
0.5773901
0.5837159
0.5474952
0.654321
0.4936231
0.6062647
0.5189266
0.6129987
0.771962
0.4388328
0.6267728
0.7122743
0.49648
0.5246403
0.6708499
0.5625957
0.5121926
0.4575043
0.5576982
0.7066626
0.6143251
0.5634119
0.778492
0.5218855
0.6026936
0.7293133
0.5680033
0.6289154
0.496786
0.5944291
0.8178757
0.6264667
0.6061626
0.5256606
0.5069891
0.5510662
0.5545353
0.53015
0.5630038
0.6055505
0.5910621
0.6214672
0.6967656
0.7787981
0.5318845
0.6249362
0.5931027
0.6100398
0.4680135
0.5422916
0.6765636
0.5344353
0.4746454
0.5815733
0.4748495
0.6023875
0.6092235
0.5826956
0.6169779
0.6279971
0.5578002
0.6933986
0.5243343
0.6211611
0.6889093
0.6363636
0.6167738
0.660953
0.5129068
0.4512805
0.6391185
0.4871952
0.4423018
0.55025
0.5834099
0.4917866
0.7198245
0.6965616
0.5294358
0.4423018
0.6802367
0.6118763
0.6195286
0.5476992
0.4726048
0.637588
0.6110601
0.7332925
0.6413631
0.610754
0.6619733
0.6076931
0.6310581
0.4441384
0.5372921
0.6110601
0.5596368
0.6316702
0.3966942
0.5102541
0.5020916
0.6865626
0.5549434
0.4844404
0.5649424
0.5494337
0.6351393
0.4804612
0.5387205
0.5028058
0.4459749
0.5493317
0.7605346
0.7340067
0.5011733
0.6121824
0.5513723
0.6398327
0.7068666
0.7562494
0.6580961
0.5386185
0.8319559
0.5153556
0.7708397
0.6747271
0.5085195
0.5986124
0.5947352
0.4708703
0.6780941
0.5643302
0.6065708
0.5786144
0.6436078
0.4896439
0.6648301
0.8710336
0.5373941
0.5617794
0.5389246
0.4660749
0.6887052
0.6266707
0.6239159
0.5649424
0.5523926
0.5242322
0.5785124
0.6480971
0.4547495
0.4607693
0.6594225
0.5861647
0.556882
0.536782
0.6467707
0.6636058
0.6223855
0.5454545
0.640853
0.5616774
0.5844302
0.6507499
0.567085
0.610652
0.5922865
0.708193
0.5152535
0.5557596
0.6192225
0.5415774
0.4485257
0.5762677
0.6187124
0.77839
0.6038159
0.641057
0.442914
0.4706663
0.7431895
0.5791246
0.6469748
0.5610652
0.6204469
0.4053668
0.6105499
0.6085093
0.6490154
0.5768799
0.5581063
0.6153454
0.6848281
0.553821
0.5691256
0.6362616
0.7141108
0.6480971
0.4655647
0.6991123
0.6267728
0.5649424
0.7724722
0.5600449
0.5316804
0.6232017
0.5554535
0.5297419
0.5720845
0.5381084
0.5683094
0.5513723
0.5418835
0.6445261
0.5749413
0.5966738
0.6329966
0.4969901
0.590654
0.5951434
0.4586267
0.6220794
0.5712682
0.634323
0.6150393
0.489848
0.550352
0.57035
0.6664626
0.5741251
0.5411693
0.7141108
0.6741149
0.6808489
0.6285073
0.5650444
0.6621773
0.5761657
0.443118
0.4995409
0.5441282
0.4878074
0.476584
0.4889297
0.6282012
0.5446383
0.7347209
0.5508622
0.6688093
0.8199163
0.5416794
0.4931129
0.5307622
0.6094276
0.5681053
0.5780022
0.5221916
0.5849403
0.5822875
0.5949393
0.5304561
0.5054586
0.6480971
0.5044383
0.5850423
0.4658708
0.4855627
0.5396388
0.6047342
0.5611672
0.5218855
0.6171819
0.674523
0.6570758
0.593919
0.6055505
0.6616672
0.6416692
0.540251
0.5209672
0.4331191
0.3955719
0.6985002
0.5515764
0.6495256
0.3963881
0.5922865
0.7873686
0.6279971
0.7121722
0.6527905
0.5815733
0.61759
0.5275992
0.6035098
0.5408632
0.4451587
0.5243343
0.5888175
0.6326905
0.6043261
0.4029181
0.4689317
0.5371901
0.5995307
0.540149
0.717988
0.5692276
0.4925008
0.4887256
0.8326701
0.7045199
0.5751454
0.6262626
0.6968677
0.5184165
0.6300378
0.6129987
0.4984185
0.5493317
0.6553413
0.6673809
0.7705336
0.6181002
0.6815631
0.6052444
0.4585246
0.7132946
0.6931946
0.5116825
0.6335068
0.6528926
0.7424753
0.6145291
0.4713805
0.6931946
0.5358637
0.4586267
0.5506581
0.5890215
0.5574941
0.5315784
0.5478012
0.761657
0.745128
0.5431078
0.6983981
0.483216
0.6248342
0.6089175
0.6935007
0.4841343
0.5138251
0.6599327
0.5956535
0.634323
0.5484134
0.5987144
0.7804306
0.5297419
0.5118865
0.5472911
0.6514641
0.9169473
0.5054586
0.5218855
0.5777982
0.7129885
0.4959698
0.4822977
0.5958576
0.6100398
0.7050301
0.553617
0.4847465
0.5753495
0.6117743
0.5754515
0.634221
0.5183145
0.6280992
0.4938272
0.7017651
0.5593307
0.5743292
0.4178145
0.7055403
0.6372819
0.6325885
0.5918784
0.6129987
0.570452
0.5802469
0.5322926
0.6515662
0.4783185
0.5668809
0.5244363
0.516682
0.5517804
0.5192327
0.6466687
0.5589226
0.6562596
0.5661667
0.5424957
0.5459647
0.5685134
0.5129068
0.5156617
0.4777064
0.6802367
0.5807571
0.5531068
0.6151413
0.6324865
0.5044383
0.5015815
0.5265789
0.520253
0.5574941
0.6289154
0.5197429
0.5759616
0.6018774
0.6871748
0.6295276
0.6352413
0.6479951
0.6167738
0.6346291
0.6895215
0.6975819
0.5452505
0.4385267
0.6364657
0.5457606
0.5654525
0.7089073
0.6607489
0.5894297
0.5240282
0.6753393
0.5787165
0.5659627
0.6380982
0.5541271
0.4854607
0.5627997
0.5377002
0.7844098
0.5180084
0.4930109
0.6184063
0.6764616
0.6536068
0.6536068
0.5097439
0.4778084
0.6452403
0.6470768
0.872462
0.5324967
0.5230079
0.6791144
0.5951434
0.7220692
0.5788185
0.4625038
0.6666667
0.6852362
0.5451485
0.4872972
0.5121926
0.4957657
0.5281094
0.5589226
0.707887
0.6089175
0.6599327
0.8642996
0.5508622
0.5812672
0.5566779
0.5350474
0.4873992
0.6081012
0.5340271
