0.5807571
0.6915621
0.6103459
0.6288134
0.5541271
0.5618814
0.6626875
0.5218855
0.5701459
0.5855525
0.5409652
0.5893276
0.6062647
0.5441282
0.5970819
0.4992348
0.607285
0.5258647
0.5224977
0.6170799
0.6211611
0.5362718
0.5830017
0.5633099
0.5750434
0.5345373
0.5753495
0.4737272
0.6092235
0.5383124
0.5729007
0.5287216
0.5855525
0.5902459
0.6366697
0.5534129
0.6218753
0.5888175
0.6304459
0.5149475
0.5151515
0.566983
0.6091215
0.5993266
0.5462708
0.5523926
0.6514641
0.5105601
0.4948475
0.5978982
0.6293235
0.560351
0.553821
0.6347311
0.5374962
0.5625957
0.5895317
0.5409652
0.5932048
0.5103561
0.5197429
0.536986
0.6559535
0.5556576
0.4926028
0.5782063
0.5774921
0.5385165
0.7204367
0.530252
0.5165799
0.4489338
0.5980002
0.5028058
0.5623916
0.6963575
0.5553515
0.5899398
0.5969799
0.6094276
0.5026018
0.526885
0.5587185
0.5249464
0.5382104
0.5169881
0.5815733
0.6302418
0.5788185
0.4968881
0.5901439
0.6491174
0.5625957
0.5147434
0.6102439
0.691154
0.6337108
0.5918784
0.657688
0.5459647
0.6724824
0.5054586
0.8603204
0.6707479
0.5915723
0.7720641
0.4416896
0.691358
0.6086114
0.4921947
0.6441179
0.5898378
0.5348434
0.5610652
0.6002449
0.6089175
0.6177941
0.5185185
0.5634119
0.6559535
0.5429038
0.5193348
0.5548413
0.5054586
0.5404551
0.5731048
0.6488113
0.6214672
0.5687175
0.5086216
0.6948271
0.4845424
0.6962555
0.6668707
0.6078972
0.6637078
0.6027956
0.5655545
0.5446383
0.5667789
0.52362
0.5551474
0.5581063
0.5209672
0.51005
0.6399347
0.7354352
0.651056
0.5163759
0.704724
0.5331089
0.6025916
0.8358331
0.5921845
0.5191307
0.5928987
0.604122
0.5088256
0.550454
0.6655443
0.7672686
0.5476992
0.5209672
0.6636058
0.4499541
0.6075911
0.6035098
0.6638098
0.5866748
0.5298439
0.6185083
0.57035
0.6874809
0.6002449
0.4801551
0.6290174
0.553617
0.5789205
0.6775839
0.6938068
0.593919
0.6031017
0.5098459
0.590552
0.5081114
0.6181002
0.6535047
0.6679931
0.6522804
0.6794205
0.5683094
0.617488
0.5765738
0.5002551
0.5013774
0.553617
0.5115805
0.5072952
0.6117743
0.6622794
0.6690134
0.6479951
0.5529028
0.5866748
0.5520865
0.667891
0.5454545
0.6201408
0.5819814
0.4667891
0.6082032
0.5474952
0.6347311
0.5590246
0.5117845
0.5083155
0.6365677
0.6487093
0.6111621
0.6263647
0.6009591
0.5312723
0.5816753
0.6663606
0.5407611
0.4353637
0.6067748
0.6264667
0.6963575
0.6958474
0.7428834
0.5731048
0.5932048
0.6119784
0.7029895
0.5612693
0.5833078
0.5011733
0.5329048
0.4804612
0.5687175
0.5984083
0.654321
0.7531885
0.6246301
0.5563718
0.6210591
0.5783083
0.671156
0.5396388
0.6000408
0.5088256
0.550352
0.6187124
0.5665748
0.4958678
0.5858586
0.7915519
0.5942251
0.5295378
0.5406591
0.6450362
0.6155494
0.6009591
0.6328946
0.5495358
0.4789307
0.6426895
0.5381084
0.6312621
0.5262728
0.7225793
0.587389
0.5811652
0.5818794
0.6427916
0.5534129
0.5398429
0.6187124
0.5154576
0.5950413
0.5693297
0.5351495
0.567085
0.5848383
0.681257
0.6081012
0.526885
0.5890215
0.584022
0.6314662
0.5891236
0.6335068
0.4944393
0.6185083
0.5418835
0.5441282
0.6770738
0.6091215
0.6250383
0.5383124
0.5722885
0.5488215
0.5305581
0.5362718
0.5546373
0.6000408
0.4704622
0.6602388
0.6098357
0.5682073
0.526987
0.4901541
0.7206408
0.6569738
0.5896337
0.5378023
0.5539231
0.5532089
0.7499235
0.5195388
0.4752576
0.547087
0.6885012
0.6670748
0.4978063
0.5629017
0.4788287
0.5539231
0.6128966
0.6604428
0.5171921
0.4807673
0.6680951
0.6571778
0.5996327
0.5621875
0.503418
0.5251505
0.6325885
0.5063769
0.4853586
0.6688093
0.5965718
0.6478931
0.6229977
0.6574839
0.5519845
0.7322722
0.6881951
0.5735129
0.724926
0.6270789
0.5492297
0.5566779
0.6470768
0.540149
0.6176921
0.651056
0.533619
0.6153454
0.4960718
0.5356596
0.6293235
0.6651362
0.6032038
0.5893276
0.684624
0.5350474
0.4769921
0.5444342
0.6469748
0.7243138
0.7340067
0.6889093
0.5702479
0.7419651
0.5522906
0.5123967
0.584022
0.6228956
0.7287012
0.530048
0.6772778
0.6061626
0.5545353
0.6100398
0.651056
0.7287012
0.6958474
0.5609632
0.620753
0.5697378
0.4921947
0.5322926
0.5989185
0.4929089
0.6118763
0.5889195
0.7509438
0.6296296
0.536782
0.6838078
0.5429038
0.6659525
0.5663708
0.6196306
0.6407509
0.5240282
0.6396286
0.5660647
0.5741251
0.7979798
0.5274972
0.5652484
0.4880114
0.5249464
0.5850423
0.7101316
0.5711662
0.6257525
0.5037241
0.6083053
0.5239261
0.4404653
0.6353433
0.5713703
0.718192
0.6390164
0.5287216
0.4907662
0.5814713
0.5563718
0.6267728
0.500153
0.6515662
0.5319865
0.6211611
0.6157535
0.590756
0.5311703
0.5553515
0.4755637
0.5956535
0.7696153
0.6335068
0.5483114
0.547087
0.6063667
0.4905622
0.5626977
0.5752474
0.5866748
0.5183145
0.5601469
0.7599225
0.5364759
0.7139067
0.590756
0.6319763
0.6214672
0.5474952
0.5091317
0.7829813
0.4749515
0.5499439
0.6756453
0.6096317
0.4950515
0.5551474
0.6660545
0.5451485
0.5255586
0.44975
0.6254464
0.5109683
0.4891338
0.4839302
0.516682
0.7486991
0.5730028
0.5895317
0.5819814
0.6124885
0.6425875
0.6823793
0.5151515
0.5264769
0.7110499
0.4952556
0.5967758
0.6520763
0.5977961
0.607489
0.4936231
0.5746352
0.6067748
0.5505561
0.5247424
0.563922
0.5880012
0.5830017
0.6336088
0.6301398
0.5918784
0.6526885
0.5341292
0.5246403
0.5983063
0.5817774
0.5911642
0.5195388
0.7352311
0.520151
0.674625
0.4750536
0.5707581
0.6662585
0.4908683
0.5348434
0.5342312
0.5498419
0.5004591
0.6090195
0.5889195
0.5807571
0.6216713
0.5147434
0.661055
0.634221
0.7192123
0.5555556
0.6043261
0.4805632
0.6245281
0.5161718
0.5576982
0.594021
0.5534129
0.4876033
0.5159678
0.5282114
0.5097439
0.547087
0.6277931
0.5214774
0.5834099
0.6872768
0.6547291
0.7167636
0.4890317
0.6465667
0.5632078
0.5540251
0.6250383
0.5275992
0.7019692
0.5899398
0.5867769
0.6882971
0.5277013
0.5820835
0.5734109
0.6407509
0.4762779
0.4884195
0.6263647
0.5699418
0.5465769
0.5086216
0.6019794
0.7608407
0.6519743
0.5735129
0.5699418
0.8293031
0.5644322
0.6786042
0.5222936
0.6950311
0.6246301
0.5253546
0.5311703
0.6800326
0.6741149
0.6321804
0.5272931
0.4508724
0.5023977
0.6059586
0.6245281
0.51005
0.5822875
0.5844302
0.5078053
0.5150495
0.4961739
0.6552393
0.5976941
0.5416794
0.5359657
0.5278033
0.5647383
0.5599429
0.6195286
0.5651464
0.6413631
0.6102439
0.5693297
0.4948475
0.6016733
0.587083
0.4929089
0.6513621
0.5246403
0.5572901
0.6118763
0.5411693
0.4727069
0.5901439
0.4821957
0.5440261
0.6606469
0.5027038
0.5650444
0.5908581
0.6021835
0.4573003
0.6424855
0.4989287
0.5440261
0.5909601
0.6096317
0.4936231
0.5934088
0.5350474
0.6104479
0.5958576
0.5780022
0.4826038
0.5833078
0.6736047
0.5575962
0.5294358
0.5821855
0.5644322
0.5505561
0.6465667
0.6184063
0.5794307
0.6257525
0.5982043
0.5821855
0.5729007
0.6585042
0.6903377
0.7257423
0.6305479
0.5827977
0.5842261
0.7095194
0.5974901
0.7864504
0.660953
0.5407611
0.6171819
0.5543312
0.731558
0.4681155
0.5935109
0.6090195
0.6261606
0.5104581
0.603918
0.5534129
0.5982043
0.6008571
0.536884
0.449648
0.5982043
0.5851444
0.5563718
0.7071727
0.5127028
0.5279053
0.5497398
0.6247322
0.7037037
0.5199469
0.5085195
0.5317825
0.8535864
0.4958678
0.5828997
0.4788287
0.6553413
0.7328844
0.5015815
0.5006632
0.5697378
0.6819712
0.520253
0.6829915
0.6848281
0.5271911
0.5985104
0.4902561
0.5968779
0.5340271
0.5994286
0.5734109
0.5245383
0.6445261
0.5803489
0.5797368
0.5257627
0.610754
0.7139067
0.5683094
0.583818
0.6446281
0.5322926
0.5508622
0.6828895
0.6169779
0.5157637
0.566983
0.5753495
0.5328028
0.580553
0.6084073
0.6713601
0.6082032
0.4629119
0.6789103
0.6369758
0.5038261
0.5700439
0.5901439
0.6063667
0.5550454
0.5923885
0.7199265
0.5410672
0.654321
0.5017855
0.5041322
0.5140292
0.5792266
0.6405469
0.5975921
0.6449342
0.5852464
0.5320886
0.6794205
0.5497398
0.6110601
0.6652382
0.6921743
0.5779002
0.594021
0.5357617
0.5660647
0.4701561
0.5761657
0.5896337
0.5079074
0.5970819
0.5842261
0.6551372
0.6249362
0.5246403
0.5275992
0.5139272
0.765228
0.5723906
0.6659525
0.5005612
0.6726865
0.5355576
0.6124885
0.5158657
0.513417
0.5958576
0.520049
0.4754617
0.6738088
0.6004489
0.6870727
0.6355474
0.5522906
0.5594327
0.580655
0.5908581
0.5372921
0.5723906
0.5228038
0.5307622
0.5659627
0.6032038
0.4532191
0.6718702
0.7109479
0.6420773
0.5820835
0.5647383
0.6133048
0.560453
0.6406489
0.5321906
0.5811652
0.5996327
0.6186103
0.5357617
0.5079074
0.5592287
0.5754515
0.4884195
0.5473931
0.5214774
0.5306601
0.523416
0.6068768
0.587389
0.650954
0.5530048
0.8005306
0.5608611
0.7573717
0.6520763
0.597388
0.6102439
0.5830017
0.533517
0.4856647
0.5278033
0.5898378
0.5721865
0.496786
0.5247424
0.5058667
0.6346291
0.5885114
0.5956535
0.5322926
0.5595347
0.5595347
0.6538108
0.6519743
0.6321804
0.4955617
0.6026936
0.5241302
0.5041322
0.6894194
0.5881033
0.500153
0.5514743
0.7066626
0.5445363
0.7425773
0.7006428
0.7205387
0.5050505
0.5486175
0.6871748
0.5086216
0.5643302
0.6193246
0.6555454
0.7412509
0.5253546
0.547087
0.526885
0.6071829
0.6562596
0.5212733
0.6268748
0.6301398
0.5918784
0.7228854
0.6158555
0.5198449
0.7073768
0.5554535
0.6494235
0.6802367
0.5340271
0.5440261
0.5111723
0.6121824
0.5861647
0.6252423
0.5747373
0.4973982
0.6715641
0.550352
0.5559637
0.4788287
0.765126
0.6346291
0.6168758
0.6928885
0.6674829
0.5285175
0.7396184
0.4791348
0.5421896
0.5701459
0.5665748
0.6499337
0.5989185
0.5613713
0.6071829
0.6537088
0.6939088
0.5193348
0.5998368
0.6143251
0.5600449
0.64422
0.5358637
0.5733088
0.6147332
0.6099378
0.7547189
0.5800429
0.5162738
0.5051525
0.5434139
0.5363738
0.6717682
0.5957555
0.5439241
0.530252
0.5288236
0.7037037
0.5856545
0.5020916
0.5462708
0.4802571
0.6718702
0.5515764
0.4614835
0.7467605
0.5915723
0.4944393
0.5153556
0.5834099
0.5795327
0.6858484
0.5508622
0.5375982
0.6814611
0.593919
0.56382
0.5096419
0.6660545
0.5698398
0.6795225
0.4982145
0.7094174
0.7925722
0.5374962
0.56382
0.5219876
0.5975921
0.641057
0.7374758
0.7175798
0.5786144
0.5819814
0.6956433
0.4816855
0.5532089
0.5874911
0.6254464
0.5711662
0.5330068
0.4469952
0.5692276
0.5635139
0.5218855
0.5404551
0.5325987
0.566983
0.7871646
0.530354
0.6033058
0.5432099
0.5597388
0.5443322
0.5323947
0.5567799
0.6015713
0.442914
0.5187226
0.5177023
0.5928987
0.4857668
