0.5832058
0.5386185
0.5461688
0.526783
0.5357617
0.7325783
0.5043363
0.5834099
0.5283134
0.4839302
0.5415774
0.4958678
0.6506479
0.5088256
0.5314764
0.6000408
0.5122947
0.5018876
0.5520865
0.4835221
0.560249
0.610754
0.5385165
0.7232935
0.5517804
0.6741149
0.5713703
0.5397408
0.5159678
0.5932048
0.5039282
0.5740231
0.6264667
0.5407611
0.5481073
0.5917763
0.5629017
0.5581063
0.6096317
0.5900418
0.6068768
0.771656
0.6078972
0.5921845
0.6123865
0.4993368
0.5946332
0.5936129
0.5321906
0.4614835
0.4950515
0.6001428
0.5876951
0.563616
0.815325
0.536986
0.563718
0.5497398
0.6230997
0.5216815
0.5589226
0.5014794
0.5754515
0.6522804
0.6380982
0.5052546
0.7565555
0.5811652
0.567187
0.5288236
0.5533109
0.6095296
0.5547393
0.5078053
0.5675951
0.5346393
0.5017855
0.5788185
0.5221916
0.6916641
0.7161514
0.5787165
0.5719825
0.5509642
0.5816753
0.5622896
0.7153352
0.5784104
0.5460667
0.6690134
0.6350372
0.5372921
0.5598408
0.6924804
0.5687175
0.6247322
0.523518
0.671156
0.6659525
0.6115702
0.6035098
0.5247424
0.6750332
0.5243343
0.5278033
0.5629017
0.6202428
0.5727987
0.4735231
0.627487
0.7155392
0.5164779
0.6656464
0.5821855
0.6390164
0.4875013
0.5441282
0.4923987
0.5842261
0.7311499
0.6223855
0.6457504
0.6176921
0.4553617
0.5763698
0.5181104
0.5057647
0.6169779
0.5439241
0.570554
0.6236098
0.5285175
0.667891
0.5543312
0.5383124
0.5736149
0.6121824
0.6808489
0.6904398
0.5097439
0.5917763
0.4917866
0.5364759
0.5852464
0.5618814
0.6827875
0.563616
0.6117743
0.5324967
0.563616
0.5385165
0.6260586
0.6323845
0.5254566
0.674523
0.6547291
0.5794307
0.5130089
0.5911642
0.5561677
0.5682073
0.6981941
0.5792266
0.5323947
0.5996327
0.5551474
0.6188144
0.5396388
0.6788083
0.6502398
0.6993164
0.6814611
0.7090093
0.4729109
0.5501479
0.5813692
0.6885012
0.5480053
0.5372921
0.7410468
0.6156515
0.6048362
0.5297419
0.6035098
0.7585961
0.506581
0.5614733
0.6653403
0.513315
0.6607489
0.61759
0.5081114
0.597388
0.5373941
0.6101418
0.6489134
0.5375982
0.7264565
0.6536068
0.5942251
0.7110499
0.6136109
0.5459647
0.6221814
0.6649321
0.4884195
0.597388
0.4863789
0.4983165
0.5265789
0.5706561
0.6423834
0.6244261
0.600551
0.5298439
0.5760637
0.6315682
0.647791
0.503316
0.667891
0.4983165
0.5659627
0.6784002
0.6722783
0.5287216
0.5865728
0.5955515
0.661157
0.4909703
0.5241302
0.6835017
0.5820835
0.5688195
0.5514743
0.5132129
0.7274768
0.4782165
0.5908581
0.5640241
0.5294358
0.5807571
0.5614733
0.6223855
0.5396388
0.5758596
0.4755637
0.5084175
0.6439139
0.6406489
0.6784002
0.711458
0.8266503
0.5680033
0.6826854
0.5517804
0.496684
0.5045404
0.5999388
0.6091215
0.667687
0.4882155
0.5889195
0.4719927
0.7235996
0.587185
0.6293235
0.5708601
0.5443322
0.5970819
0.5429038
0.4746454
0.5151515
0.6284053
0.6515662
0.5345373
0.5493317
0.6775839
0.7178859
0.5616774
0.5432099
0.5572901
0.4852566
0.5145393
0.5627997
0.6290174
0.54372
0.5248444
0.4962759
0.6199367
0.5854505
0.5529028
0.6221814
0.6461586
0.5519845
0.5500459
0.5165799
0.5865728
0.6244261
0.5379043
0.5848383
0.6146312
0.6436078
0.5532089
0.5331089
0.7137027
0.5525967
0.4914805
0.5824916
0.5333129
0.6218753
0.6760535
0.6415672
0.6640139
0.5055607
0.6295276
0.5213754
0.6901337
0.4347516
0.6253444
0.6154474
0.6465667
0.6259565
0.5350474
0.4605652
0.5882053
0.563922
0.486583
0.6000408
0.553821
0.5328028
0.7397204
0.5735129
0.6693195
0.6383022
0.6144271
0.5179063
0.5815733
0.5875931
0.5654525
0.6795225
0.6407509
0.4908683
0.5207632
0.5729007
0.7519641
0.5862667
0.6717682
0.5029079
0.6736047
0.4960718
0.5375982
0.5731048
0.483216
0.6389144
0.5259667
0.5716764
0.5761657
0.5769819
0.5817774
0.4910723
0.5949393
0.6032038
0.5624936
0.5886134
0.597286
0.5988164
0.5283134
0.5169881
0.7666565
0.5490256
0.7052342
0.6854403
0.570554
0.8022651
0.5615753
0.6670748
0.79196
0.4796449
0.6391185
0.513417
0.5293337
0.6819712
0.597388
0.614019
0.6114682
0.5332109
0.6478931
0.5982043
0.7486991
0.5273952
0.6269768
0.7199265
0.496684
0.4943373
0.6057545
0.6820733
0.6194266
0.6990103
0.5414754
0.5252525
0.530048
0.5543312
0.7061524
0.4950515
0.5098459
0.6784002
0.6093256
0.5085195
0.8215488
0.5676972
0.5340271
0.5204571
0.4475054
0.520151
0.6050403
0.6148352
0.6357515
0.5629017
0.5618814
0.6616672
0.5465769
0.6332007
0.5759616
0.6791144
0.5104581
0.5766758
0.5130089
0.5245383
0.4752576
0.6190185
0.53015
0.5787165
0.580451
0.5516784
0.6459545
0.6431997
0.5529028
0.5173962
0.5328028
0.6831956
0.4305683
0.5756555
0.6426895
0.5561677
0.6197327
0.530252
0.6658504
0.6026936
0.5755535
0.5441282
0.6166718
0.5579023
0.5289256
0.6138149
0.5015815
0.5822875
0.5516784
0.4818896
0.6297317
0.5935109
0.5734109
0.5431078
0.4740333
0.6002449
0.5931027
0.6540149
0.5926946
0.6938068
0.5777982
0.6350372
0.6063667
0.5055607
0.5525967
0.5310683
0.5823896
0.51005
0.6739108
0.6371799
0.7195184
0.6179982
0.5753495
0.5715743
0.4656668
0.5550454
0.5349454
0.6366697
0.6451383
0.6936027
0.614223
0.5992246
0.5912662
0.5148454
0.6441179
0.5491276
0.6908479
0.7657382
0.6092235
0.4902561
0.5862667
0.5689215
0.6825834
0.5153556
0.4938272
0.6248342
0.4844404
0.4955617
0.6327926
0.5297419
0.53015
0.7676768
0.5693297
0.5064789
0.6210591
0.6948271
0.5689215
0.6899296
0.520151
0.6590144
0.4997449
0.5391287
0.4850525
0.6515662
0.6021835
0.5957555
0.6861545
0.5196409
0.593919
0.5596368
0.4993368
0.6268748
0.5842261
0.5428018
0.6533007
0.4448526
0.4990307
0.6038159
0.6181002
0.6038159
0.6124885
0.5348434
0.5683094
0.7630854
0.5002551
0.6662585
0.6210591
0.6950311
0.5177023
0.5836139
0.5329048
0.4890317
0.5255586
0.6044281
0.6268748
0.5434139
0.5632078
0.5673911
0.5977961
0.6156515
0.6001428
0.5608611
0.7773697
0.7070707
0.5215794
0.5270891
0.6068768
0.5661667
0.597184
0.590756
0.5698398
0.7007448
0.4657688
0.5127028
0.5822875
0.7274768
0.5126008
0.691256
0.4842363
0.5224977
0.7457402
0.6805428
0.6215692
0.6714621
0.5901439
0.650954
0.5086216
0.6416692
0.5896337
0.6193246
0.567085
0.6757474
0.5742271
0.6176921
0.6138149
0.5182124
0.5112744
0.5453525
0.5104581
0.526783
0.5944291
0.6127946
0.7412509
0.5464748
0.5764718
0.5760637
0.6396286
0.5679012
0.5600449
0.6216713
0.5508622
0.6310581
0.6262626
0.5243343
0.5466789
0.5595347
0.5630038
0.6927865
0.5036221
0.6124885
0.4842363
0.5789205
0.5061728
0.5807571
0.6628915
0.5766758
0.5550454
0.5406591
0.5960616
0.5882053
0.6144271
0.6082032
0.5977961
0.6158555
0.4882155
0.5414754
0.5377002
0.6529946
0.5579023
0.5047444
0.5983063
0.7164575
0.5332109
0.6247322
0.5592287
0.5485155
0.6719722
0.5441282
0.6028977
0.6747271
0.6252423
0.650954
0.513315
0.4971942
0.7797164
0.526885
0.6394245
0.5513723
0.5306601
0.6344251
0.4905622
0.5613713
0.5947352
0.4837262
0.5626977
0.6038159
0.5663708
0.5053566
0.5292317
0.7951229
0.5188246
0.5651464
0.6890113
0.499949
0.587287
0.6631976
0.597286
0.5304561
0.5563718
0.6244261
0.5106622
0.5102541
0.567085
0.5304561
0.5668809
0.5579023
0.5677992
0.4592389
0.5928987
0.4338333
0.5855525
0.553821
0.5165799
0.590654
0.6514641
0.4946434
0.6713601
0.6438119
0.5911642
0.5363738
0.5199469
0.5378023
0.5239261
0.5854505
0.6044281
0.6731966
0.5541271
0.5969799
0.7050301
0.6147332
0.6454443
0.6663606
0.6425875
0.4946434
0.7465565
0.654219
0.5902459
0.5341292
0.6464646
0.5600449
0.5820835
0.6323845
0.6284053
0.6268748
0.5464748
0.456484
0.5853484
0.5517804
0.5366799
0.5861647
0.6372819
0.5343332
0.6488113
0.5173962
0.5288236
0.687991
0.5963677
0.6515662
0.6499337
0.6396286
0.5357617
0.5190287
0.4654627
0.5110703
0.6276911
0.5408632
0.5424957
0.647689
0.5601469
0.6302418
0.5449444
0.5597388
0.5338231
0.6378941
0.4680135
0.5751454
0.5807571
0.5675951
0.5513723
0.6278951
0.765228
0.6585042
0.6523824
0.6763596
0.5455566
0.6624834
0.6841139
0.5457606
0.5204571
0.5154576
0.6364657
0.5186205
0.5543312
0.5015815
0.5846342
0.4742373
0.6116723
0.5980002
0.4258749
0.5974901
0.6024895
0.5478012
0.5478012
0.5625957
0.711356
0.6246301
0.6802367
0.6613611
0.5360677
0.5882053
0.7256402
0.6951331
0.6708499
0.4969901
0.6829915
0.6430976
0.6177941
0.6270789
0.5248444
0.536782
0.4962759
0.7303336
0.6291195
0.496684
0.5182124
0.6337108
0.5507601
0.5542292
0.6658504
0.6098357
0.496582
0.5685134
0.5592287
0.7093154
0.4968881
0.6864606
0.6197327
0.5985104
0.4968881
0.4893378
0.5549434
0.5338231
0.761861
0.6657484
0.4985206
0.6301398
0.6673809
0.550352
0.597286
0.6195286
0.644322
0.7139067
0.7391083
0.5434139
0.6674829
0.5933068
0.5122947
0.5564738
0.6499337
0.7093154
0.6538108
0.5875931
0.5688195
0.5549434
0.6519743
0.6507499
0.5645342
0.446383
0.5895317
0.6652382
0.5532089
0.580451
0.516784
0.5460667
0.573921
0.600653
0.5525967
0.7720641
0.4961739
0.654321
0.5724926
0.5095398
0.6158555
0.7108458
0.5993266
0.5643302
0.5286195
0.5816753
0.6684012
0.7610448
0.6114682
0.6655443
0.7105397
0.4877053
0.4587287
0.5874911
0.5431078
0.5729007
0.5642281
0.5417815
0.6767677
0.5363738
0.5432099
0.5492297
0.4863789
0.5632078
0.5788185
0.6914601
0.6288134
0.5498419
0.6025916
0.5591266
0.6483012
0.4853586
0.6215692
0.556984
0.6189164
0.6717682
0.5685134
0.5481073
0.5732068
0.5714723
0.6162636
0.5074992
0.557086
0.4968881
0.5501479
0.5383124
0.5263749
0.5490256
0.5352515
0.5083155
0.4725028
0.6210591
0.503418
0.5725946
0.5196409
0.6492195
0.5584124
0.5519845
0.5184165
0.5386185
0.7324763
0.493317
0.567085
0.6018774
0.5896337
0.5665748
0.5449444
0.6354454
0.6110601
0.5998368
0.560555
0.4951536
0.6815631
0.5293337
0.5653505
0.5320886
0.5661667
0.6216713
0.6430976
0.6997245
0.523416
0.5229058
0.5826956
0.6822773
0.5959596
0.6534027
0.7495154
0.5967758
0.5431078
0.694623
0.5178043
0.6324865
0.6301398
0.6709519
0.5393327
0.671258
0.5243343
0.5528007
0.6087134
0.6465667
0.5900418
0.6246301
0.5126008
0.4593409
0.4885216
0.496582
0.5994286
0.7054382
0.5379043
0.6025916
0.6154474
0.590552
0.6819712
0.5599429
0.4905622
0.6539129
0.7021732
0.6708499
0.6486073
0.6116723
0.5421896
0.6773799
0.5022957
0.5656566
0.6113662
0.5315784
0.6225895
0.6801347
0.5767779
0.4728089
0.553719
0.6856443
0.704826
0.5149475
0.6561575
0.5882053
0.5813692
0.426079
0.5811652
0.624324
