EXOSC7_chr3:45052775_G->C,nonsyn_exonic,0.471,1.000,0.667,0.171,1.000,0.610,1.000,0,0.840,0.400,0.643,0,0,0.250,0,0.276,0.500,0.500,0,0
ADD1_chr4:2906707_G->T,nonsyn_exonic,0,0.622,0,0,0,0,0.527,0,0,0,0,0.341,0,0.326,0.424,0.500,1.000,0.457,0.429,0.764
PJA2_chr5:108672946_C->T,nonsyn_exonic,0,0,0.500,0,0,0.436,0.412,0,0.294,0.312,0,0.400,0,0.868,0.364,0.903,1.000,0.385,0.415,0.739
PDLIM1_chr10:97023630_T->C,nonsyn_exonic,0.406,0,1.000,0.776,0,0.478,1.000,1.000,0,0.366,0.397,0,0.434,0,0,0,0,0,0,0
TACC3_chr4:1729953_G->A,nonsyn_exonic,Na,0,Na,0.316,0,0,0.417,0,0,0.462,0.591,0.778,0.688,0.818,0,0.472,0.455,1.000,1.000,1.000
PEMT_chr17:17425631_C->T,nonsyn_exonic,0,0.636,0,0.346,0,1.000,0,0.212,0,0,0,0,1.000,0.818,0.929,1.000,1.000,0.222,0.438,1.000
TACC3_chr4:1729988_G->A,nonsyn_exonic,0,0,Na,0.300,0,0,0.308,0,0,Na,0.684,0.812,0.750,0.800,0,0.400,0.538,1.000,0.905,1.000
CHMP4A_chr14:24679877_C->T,nonsyn_exonic,0.5,0,1.000,0.500,1.000,0.433,0,0.507,0.265,0.417,0.443,1.000,1.000,0.842,1.000,1.000,1.000,1.000,1.000,0.133
HCLS1_chr3:121351338_C->T,nonsyn_exonic,0.432,0.500,0,0,0,0,0,0,0.547,0,0.125,0.475,0.485,0.625,1.000,1.000,0,0.970,0,0.686
CEACAM6_chr19:42265889_G->T,nonsyn_exonic,1,1.000,0.740,1.000,1.000,0.487,0.410,1.000,1.000,0.441,0.579,0,0,0.556,Na,Na,0,0,0.992,0.246
PLA2G7_chr6:46684222_C->T,nonsyn_exonic,0.5,Na,Na,1.000,0.583,0.429,0,1.000,Na,0.583,0.364,0,0,0,0,Na,0,0,0,Na
VPS8_chr3:184766301_T->C,nonsyn_exonic,0.417,0.538,0.333,0.773,0.391,0.438,0.650,1.000,0.237,0,0,0,0,0,0,0,0,0.500,0,0
TACC3_chr4:1732978_G->A,nonsyn_exonic,0,0,Na,0.389,0,0,0.412,0,0,0,0.667,0.550,0.600,0.783,0,0.517,0.471,1.000,1.000,0.949
SACM1L_chr3:45779136_A->T,nonsyn_exonic,1,1.000,1.000,1.000,1.000,0,0.525,1.000,0.581,1.000,0.882,0.348,0.714,0.400,0.923,0,0.500,0,0,0
MTRR_chr5:7878179_C->T,nonsyn_exonic,0.357,1.000,0.647,0.588,0.545,0.529,1.000,0.683,1.000,0.500,Na,0,0,0.867,0,0,0,0,0,0
