0.5797368
0.677686
0.5550454
0.8133864
0.6177941
0.6698296
0.5324967
0.5718804
0.624324
0.6528926
0.5573921
0.6868687
0.8212427
0.5199469
0.6977859
0.7141108
0.4734211
0.6791144
0.580451
0.5409652
0.7097235
0.5711662
0.4275074
0.6654423
0.5746352
0.5148454
0.6157535
0.46985
0.5768799
0.5528007
0.5259667
0.6650342
0.48995
0.513315
0.7133966
0.701255
0.6155494
0.5831038
0.808591
0.4850525
0.5074992
0.5118865
0.5344353
0.6393225
0.5858586
0.6215692
0.5659627
0.5240282
0.4675033
0.8084889
0.6985002
0.6267728
0.5297419
0.5910621
0.6909499
0.7977757
0.5816753
0.5499439
0.5837159
0.6116723
0.6601367
0.536986
0.4512805
0.523518
0.6682992
0.5828997
0.580655
0.4912764
0.4872972
0.6873788
0.4820937
0.7624732
0.6164677
0.5412713
0.5754515
0.533517
0.5361698
0.503418
0.4951536
0.5118865
0.5779002
0.5414754
0.620855
0.5586165
0.5680033
0.5451485
0.526681
0.7295174
0.7157433
0.5155596
0.5966738
0.6447301
0.7294154
0.6223855
0.5634119
0.5631058
0.5592287
0.7216611
0.5573921
0.6950311
0.667687
0.6448322
0.624018
0.6233037
0.5172942
0.5407611
0.6104479
0.634119
0.6658504
0.5729007
0.563616
0.5792266
0.4955617
0.5362718
0.4988267
0.5220896
0.5549434
0.5683094
0.4754617
0.6865626
0.6756453
0.5869809
0.6709519
0.7418631
0.5746352
0.4595449
0.4863789
0.8403224
0.5574941
0.624222
0.4944393
0.6652382
0.563616
0.6868687
0.5593307
0.6150393
0.5412713
0.5534129
0.7137027
0.7319661
0.7335986
0.6036119
0.5934088
0.4641363
0.5043363
0.6637078
0.5117845
0.6417712
0.5779002
0.7586981
0.7143149
0.4587287
0.6782981
0.4920926
0.6133048
0.5184165
0.5279053
0.5565759
0.6725844
0.6070809
0.711356
0.61759
0.5074992
0.5249464
0.6764616
0.6420773
0.6720743
0.526987
0.4404653
0.6062647
0.6496276
0.5299459
0.5249464
0.6264667
0.7591062
0.624324
0.4851546
0.647791
0.7306397
0.637486
0.5735129
0.6842159
0.5715743
0.6063667
0.5807571
0.466483
0.5788185
0.5691256
0.724926
0.7319661
0.5054586
0.5815733
0.496786
0.5279053
0.6038159
0.5992246
0.6558514
0.6316702
0.5713703
0.5574941
0.7802265
0.4990307
0.6780941
0.7033976
0.6363636
0.6034078
0.5026018
0.4618916
0.7256402
0.526885
0.6350372
0.4977043
0.5480053
0.6057545
0.7256402
0.5999388
0.483318
0.5696358
0.5280073
0.6486073
0.600551
0.5418835
0.5581063
0.6706459
0.5877972
0.526987
0.5012754
0.5472911
0.6726865
0.5956535
0.6026936
0.5181104
0.6298337
0.8377717
0.5682073
0.5158657
0.4726048
0.5419855
0.6364657
0.6829915
0.788695
0.6464646
0.6705438
0.4754617
0.6455464
0.5114784
0.5163759
0.446383
0.6385063
0.550352
0.5632078
0.5409652
0.4976023
0.5851444
0.7212529
0.5683094
0.5753495
0.5131109
0.5460667
0.6087134
0.7426793
0.5676972
0.6078972
0.7177839
0.5088256
0.6352413
0.5318845
0.5098459
0.5161718
0.667687
0.6155494
0.5004591
0.5020916
0.7494133
0.5856545
0.5275992
0.667789
0.5817774
0.5292317
0.5286195
0.5152535
0.543516
0.7228854
0.7418631
0.5275992
0.5736149
0.5593307
0.560351
0.5827977
0.6235078
0.553719
0.5617794
0.5396388
0.5364759
0.8137945
0.6068768
0.5784104
0.5891236
0.6136109
0.7485971
0.5901439
0.600653
0.4937251
0.5071931
0.6632997
0.5662687
0.66432
0.5660647
0.5521886
0.5842261
0.5937149
0.5373941
0.7506377
0.6228956
0.5756555
0.5606571
0.758494
0.5619835
0.5095398
0.8602183
0.634221
0.5069891
0.5993266
0.7021732
0.5741251
0.6852362
0.5758596
0.5845322
0.5197429
0.5272931
0.4708703
0.4707683
0.5592287
0.6099378
0.4901541
0.5038261
0.4700541
0.6239159
0.6096317
0.6562596
0.6263647
0.5214774
0.5091317
0.8001224
0.5572901
0.5305581
0.5722885
0.4498521
0.6690134
0.5517804
0.5893276
0.5822875
0.6265687
0.6805428
0.483216
0.7593103
0.5933068
0.5363738
0.5445363
0.5885114
0.7191103
0.5086216
0.6135088
0.5259667
0.6950311
0.580451
0.6282012
0.6095296
0.5144373
0.4793388
0.6195286
0.6159576
0.6220794
0.7291093
0.5229058
0.6129987
0.5106622
0.5285175
0.4919906
0.634119
0.6424855
0.6795225
0.6815631
0.6139169
0.4625038
0.5340271
0.7291093
0.6297317
0.6155494
0.5391287
0.6025916
0.5533109
0.6473829
0.5146414
0.5573921
0.4968881
0.6379961
0.7024793
0.6780941
0.5417815
0.6051423
0.5393327
0.5811652
0.6383022
0.6594225
0.58392
0.5481073
0.5685134
0.5257627
0.6148352
0.5909601
0.5584124
0.5967758
0.5930007
0.641057
0.5443322
0.6036119
0.6412611
0.4950515
0.5911642
0.5232119
0.5674931
0.5172942
0.7893072
0.546985
0.7711458
0.6056525
0.5721865
0.6802367
0.6339149
0.4956637
0.5321906
0.6252423
0.5143353
0.5383124
0.6226916
0.5290277
0.5002551
0.5341292
0.6184063
0.5188246
0.5847363
0.5430058
0.5359657
0.5324967
0.6429956
0.5963677
0.7830834
0.4605652
0.7263545
0.4610754
0.6214672
0.5978982
0.5581063
0.5878992
0.5842261
0.5018876
0.6857464
0.6412611
0.5620855
0.5338231
0.5558616
0.5817774
0.6490154
0.6236098
0.5918784
0.6565657
0.5642281
0.6528926
0.4913784
0.6841139
0.5087236
0.5988164
0.6085093
0.5667789
0.7637996
0.5112744
0.5006632
0.6114682
0.600551
0.6974798
0.6593205
0.620957
0.6688093
0.6305479
0.4769921
0.5288236
0.5344353
0.4803591
0.5137231
0.7663504
0.5895317
0.5646363
0.4953576
0.5026018
0.6244261
0.5228038
0.5600449
0.6691154
0.5126008
0.553719
0.6122845
0.5362718
0.4615856
0.5539231
0.6929905
0.5620855
0.5190287
0.5188246
0.6802367
0.6378941
0.7864504
0.5801449
0.5867769
0.6697276
0.4469952
0.6037139
0.6101418
0.6285073
0.6066728
0.6064687
0.6064687
0.5656566
0.5182124
0.6626875
0.5657586
0.5685134
0.620753
0.506683
0.7780839
0.5584124
0.5547393
0.584022
0.6094276
0.735027
0.7532905
0.5410672
0.5474952
0.5012754
0.7385981
0.5098459
0.5823896
0.771962
0.5341292
0.5451485
0.7309458
0.6472809
0.4710744
0.610856
0.5122947
0.5645342
0.506683
0.520253
0.5117845
0.5426997
0.5183145
0.4948475
0.8141006
0.5290277
0.5812672
0.6452403
0.5883073
0.7187022
0.7077849
0.5811652
0.5455566
0.4996429
0.6328946
0.617488
0.6194266
0.5723906
0.6523824
0.4923987
0.7606367
0.657586
0.5127028
0.6078972
0.6026936
0.4272013
0.7008469
0.7494133
0.5484134
0.6020814
0.5214774
0.5115805
0.5293337
0.5280073
0.7011529
0.513315
0.5785124
0.5621875
0.5560657
0.6255484
0.5417815
0.5740231
0.7600245
0.6065708
0.6052444
0.5741251
0.5556576
0.6455464
0.620855
0.597388
0.4751556
0.486685
0.5750434
0.5383124
0.5684114
0.7338027
0.5693297
0.5150495
0.7188042
0.4370983
0.7506377
0.5764718
0.7338027
0.5640241
0.5706561
0.6805428
0.6584022
0.5532089
0.8108356
0.5831038
0.6115702
0.5761657
0.630854
0.5781043
0.704622
0.5990205
0.4946434
0.5418835
0.5205591
0.6120804
0.7730844
0.5411693
0.5623916
0.5077033
0.6601367
0.6722783
0.5692276
0.6051423
0.5607591
0.5491276
0.5254566
0.7311499
0.5087236
0.5294358
0.5902459
0.5736149
0.7021732
0.6586063
0.6120804
0.6119784
0.5887154
0.4793388
0.6370778
0.7458423
0.5121926
0.4980104
0.560351
0.5613713
0.7156413
0.6195286
0.6713601
0.5458627
0.6258545
0.567187
0.7119682
0.7356392
0.5311703
0.6361596
0.5388226
0.6036119
0.473013
0.7402306
0.6964595
0.5482094
0.57035
0.6619733
0.6115702
0.5292317
0.5352515
0.590756
0.7299255
0.5345373
0.5964697
0.5798388
0.667891
0.6053464
0.5584124
0.570452
0.5677992
0.5415774
0.5130089
0.5467809
0.7519641
0.5593307
0.6313641
0.6115702
0.694725
0.7649219
0.7197225
0.5116825
0.5213754
0.6581981
0.5975921
0.479747
0.5238241
0.5486175
0.5721865
0.6824814
0.5161718
0.5146414
0.8150189
0.513315
0.6638098
0.5414754
0.7120702
0.4349556
0.6219773
0.6804408
0.5861647
0.6607489
0.5684114
0.620855
0.6313641
0.6387103
0.6983981
0.5889195
0.7928783
0.7093154
0.6148352
0.6228956
0.6222834
0.5056627
0.6573819
0.6568717
0.6638098
0.5441282
0.5349454
0.5182124
0.5645342
0.738292
0.5096419
0.6864606
0.5078053
0.7327824
0.5566779
0.503214
0.5156617
0.570554
0.58392
0.5316804
0.6494235
0.5899398
0.553821
0.8460361
0.6789103
0.6168758
0.5497398
0.5160698
0.5625957
0.5150495
0.567085
0.5395368
0.6143251
0.6349352
0.6003469
0.5490256
0.5132129
0.6011631
0.4828079
0.681053
0.7424753
0.5480053
0.5148454
0.5496378
0.5145393
0.4949495
0.5072952
0.5374962
0.6346291
0.5575962
0.5498419
0.6313641
0.5305581
0.6034078
0.5795327
0.5328028
0.5983063
0.5501479
0.4754617
0.5490256
0.5420875
0.5644322
0.6102439
0.5353535
0.5650444
0.5897357
0.5299459
0.5212733
0.5895317
0.6560555
0.7237017
0.6721763
0.5079074
0.6066728
0.5726967
0.7917559
0.4979084
0.671054
0.6564636
0.654219
0.671054
0.8905214
0.8648097
0.5980002
0.5270891
0.5593307
0.5072952
0.7068666
0.5610652
0.5047444
0.5992246
0.5197429
0.4897459
0.6388124
0.6282012
0.6067748
0.4666871
0.4859708
0.5213754
0.5726967
0.6601367
0.4656668
0.496684
0.5902459
0.5736149
0.6138149
0.7123763
0.73166
0.6205489
0.5817774
0.5395368
0.667687
0.496786
0.5856545
0.5079074
0.526885
0.5282114
0.5868789
0.6176921
0.5187226
0.6784002
0.634221
0.5655545
0.5412713
0.573819
0.5347414
0.567085
0.7410468
0.5313743
0.6323845
0.5395368
0.5611672
0.4906642
0.5193348
0.553719
0.5054586
0.4583206
0.5547393
0.6548311
0.6782981
0.7063565
0.6689113
0.5821855
0.6815631
0.6077951
0.5890215
0.6882971
0.5304561
0.5330068
0.6870727
0.6363636
0.7160494
0.5186205
0.6905418
0.5970819
0.5860626
0.6729926
0.5823896
0.5056627
0.6283032
0.5320886
0.6193246
0.6263647
0.6962555
0.5514743
0.5683094
0.5141312
0.5433119
0.5622896
0.5252525
0.5353535
0.6344251
0.6909499
0.627589
0.5984083
0.802061
0.6697276
0.5858586
0.5759616
0.5155596
0.5384144
0.6225895
0.6302418
0.5550454
0.5856545
0.5564738
0.7068666
0.6368738
0.5313743
0.5353535
0.6224875
0.4848485
0.6386083
0.5882053
0.5592287
0.6037139
0.6747271
0.4918886
0.8367514
0.530354
0.6077951
0.6063667
0.6586063
0.550454
0.540251
0.7428834
0.5808591
0.5727987
0.5239261
0.5757576
0.5535149
0.5343332
0.5104581
0.7480869
0.6083053
0.479849
0.5454545
0.5116825
0.4941333
0.6814611
0.5951434
0.4926028
0.6097337
0.641057
0.7712478
0.6502398
0.5404551
0.5535149
0.754923
0.4552597
0.5962657
0.5586165
0.580553
0.5476992
0.577288
0.5275992
0.6495256
0.5698398
0.5897357
0.5327007
0.6430976
0.5826956
0.4907662
0.4913784
0.5775941
0.647689
0.5373941
0.5198449
0.6627895
0.6350372
0.6706459
0.5664728
0.4785226
0.5038261
0.5936129
0.6758494
0.7457402
0.6554433
0.6637078
0.6734007
0.5866748
0.7635956
0.5289256
0.6319763
0.4993368
0.6662585
0.6550352
