0.6338129
0.624324
0.5801449
0.5043363
0.5380063
0.4861749
0.607489
0.6578921
0.5565759
0.5490256
0.7773697
0.583818
0.6008571
0.5207632
0.5240282
0.5718804
0.5666769
0.6823793
0.5968779
0.5311703
0.5263749
0.5757576
0.5426997
0.7614529
0.641057
0.4616876
0.5662687
0.6181002
0.5587185
0.6033058
0.5811652
0.6604428
0.7539027
0.7421692
0.5532089
0.5082134
0.583818
0.5828997
0.5620855
0.5856545
0.6062647
0.5830017
0.5407611
0.4399551
0.7403326
0.7298235
0.6394245
0.5186205
0.5361698
0.5265789
0.5900418
0.6766656
0.4779104
0.5954494
0.5240282
0.6383022
0.4484236
0.6291195
0.4646465
0.4948475
0.6225895
0.5542292
0.7155392
0.5745332
0.560453
0.6078972
0.5724926
0.4751556
0.6256504
0.557086
0.6263647
0.5826956
0.6646261
0.597184
0.6232017
0.5797368
0.607285
0.6256504
0.5943271
0.5341292
0.5467809
0.563616
0.5501479
0.5115805
0.5383124
0.7566575
0.490052
0.6315682
0.5159678
0.590654
0.5894297
0.5213754
0.5614733
0.617386
0.6405469
0.4929089
0.5352515
0.5825936
0.6255484
0.6623814
0.4901541
0.6075911
0.4272013
0.577084
0.5953474
0.6505459
0.6563616
0.7397204
0.5322926
0.5092338
0.5578002
0.7287012
0.533415
0.5675951
0.6769717
0.5020916
0.5608611
0.6003469
0.4750536
0.6053464
0.630854
0.6195286
0.5534129
0.7145189
0.6234058
0.5651464
0.5318845
0.5520865
0.5173962
0.5567799
0.5312723
0.7121722
0.5924906
0.5809611
0.6042241
0.667789
0.5176002
0.4769921
0.600551
0.6371799
0.5962657
0.711458
0.5676972
0.5462708
0.5563718
0.7866544
0.7127844
0.7780839
0.6915621
0.4722987
0.8264463
0.5708601
0.6199367
0.5558616
0.6388124
0.6549332
0.4513825
0.5854505
0.4987246
0.6165697
0.6085093
0.5899398
0.6266707
0.6154474
0.7928783
0.5572901
0.5915723
0.6948271
0.5156617
0.5157637
0.5021937
0.5673911
0.6426895
0.5916743
0.5962657
0.600653
0.5645342
0.4993368
0.6184063
0.6989083
0.580451
0.566983
0.536884
0.4908683
0.6149373
0.5936129
0.697888
0.5422916
0.5218855
0.5157637
0.5553515
0.5306601
0.5575962
0.5832058
0.6289154
0.7234976
0.5891236
0.5007652
0.5324967
0.5016835
0.469646
0.5240282
0.6157535
0.553821
0.6057545
0.5552495
0.6419753
0.5782063
0.6318743
0.7687991
0.7178859
0.5895317
0.4891338
0.6225895
0.6115702
0.6113662
0.6471789
0.6423834
0.6653403
0.7071727
0.6157535
0.5311703
0.5866748
0.4970921
0.5984083
0.6919702
0.6484032
0.5718804
0.6594225
0.4917866
0.5027038
0.5505561
0.5555556
0.5507601
0.6295276
0.5187226
0.5129068
0.5053566
0.4451587
0.6125906
0.4941333
0.5232119
0.5360677
0.5228038
0.5821855
0.5241302
0.5565759
0.5246403
0.5631058
0.5615753
0.5623916
0.5740231
0.6043261
0.6056525
0.6568717
0.5908581
0.5816753
0.5596368
0.463218
0.5857566
0.6787063
0.5958576
0.6288134
0.5612693
0.698092
0.5695337
0.6197327
0.5424957
0.4897459
0.5742271
0.4907662
0.6366697
0.5460667
0.5450464
0.530048
0.5472911
0.5015815
0.6460565
0.6990103
0.6199367
0.6224875
0.540251
0.5573921
0.5927967
0.5548413
0.6153454
0.4703602
0.5475972
0.446179
0.4800531
0.738394
0.7076829
0.6199367
0.6969697
0.5989185
0.7653301
0.882563
0.5271911
0.6045301
0.5828997
0.5432099
0.6161616
0.5944291
0.5006632
0.7325783
0.6063667
0.6177941
0.422814
0.7442098
0.6271809
0.6618712
0.5864708
0.5297419
0.5833078
0.7598204
0.5592287
0.4978063
0.6872768
0.7272727
0.5686154
0.6279971
0.5159678
0.4902561
0.5400469
0.4976023
0.6297317
0.5714723
0.5592287
0.5295378
0.6557494
0.5933068
0.5894297
0.5820835
0.6184063
0.5007652
0.513315
0.6297317
0.597388
0.5722885
0.7170697
0.6900316
0.6652382
0.6970717
0.5903479
0.5795327
0.4681155
0.6298337
0.6184063
0.5720845
0.5205591
0.5542292
0.6767677
0.5333129
0.5786144
0.5641261
0.4753597
0.832058
0.5754515
0.7574737
0.6781961
0.6344251
0.6824814
0.5959596
0.5508622
0.5278033
0.4223038
0.6787063
0.4972962
0.6071829
0.5385165
0.5946332
0.6086114
0.5126008
0.6949291
0.6320784
0.6215692
0.7580859
0.6352413
0.5024997
0.5836139
0.6132027
0.5763698
0.5190287
0.5657586
0.6139169
0.5004591
0.6067748
0.5298439
0.5508622
0.8216509
0.5851444
0.5832058
0.6470768
0.5085195
0.6851342
0.6183043
0.5715743
0.4771962
0.6713601
0.5108662
0.5581063
0.5222936
0.640955
0.5220896
0.7136007
0.5918784
0.4905622
0.6435058
0.765024
0.4515866
0.5144373
0.6097337
0.7292113
0.5594327
0.6430976
0.5425977
0.4326089
0.5924906
0.735027
0.4616876
0.6391185
0.5627997
0.7098255
0.5333129
0.6100398
0.546985
0.5360677
0.5688195
0.5922865
0.8381798
0.6606469
0.5769819
0.5848383
0.566983
0.614121
0.650954
0.6502398
0.6853382
0.708091
0.5888175
0.5578002
0.5288236
0.7040098
0.503214
0.5398429
0.4969901
0.5727987
0.5968779
0.768391
0.5656566
0.4829099
0.5045404
0.5714723
0.5524946
0.5582083
0.7062545
0.5630038
0.6379961
0.6580961
0.6197327
0.5292317
0.5237221
0.7301296
0.4908683
0.5006632
0.7101316
0.6907458
0.5382104
0.5199469
0.5082134
0.4518927
0.6069789
0.6251403
0.5723906
0.6830936
0.5611672
0.6121824
0.7277829
0.5219876
0.5698398
0.7975717
0.607387
0.7216611
0.4708703
0.5360677
0.6483012
0.4884195
0.6239159
0.660953
0.7176819
0.5812672
0.4882155
0.4674013
0.6065708
0.5361698
0.6829915
0.5710642
0.5243343
0.5561677
0.5760637
0.6087134
0.5156617
0.5640241
0.5069891
0.4980104
0.6531987
0.6334048
0.5717784
0.5660647
0.5350474
0.5928987
0.5917763
0.6237119
0.4823998
0.560249
0.7036017
0.6164677
0.5440261
0.5281094
0.5534129
0.6159576
0.6217733
0.5308642
0.5392307
0.6560555
0.7030915
0.5356596
0.526783
0.5248444
0.5732068
0.5564738
0.7142128
0.5384144
0.583818
0.5798388
0.4914805
0.7429854
0.6559535
0.5445363
0.6035098
0.594021
0.557188
0.560555
0.6528926
0.5462708
0.5846342
0.4990307
0.6366697
0.6815631
0.499847
0.5881033
0.5231099
0.6513621
0.4811754
0.5847363
0.4744414
0.5129068
0.5809611
0.5270891
0.7627793
0.7128864
0.6425875
0.5298439
0.6179982
0.6578921
0.6890113
0.7538006
0.6158555
0.6728905
0.5519845
0.5574941
0.6737068
0.7243138
0.5915723
0.684726
0.6089175
0.5535149
0.7946128
0.6608509
0.6131007
0.5118865
0.5494337
0.526681
0.5642281
0.6238139
0.6025916
0.560453
0.4926028
0.5668809
0.453015
0.5817774
0.4919906
0.5578002
0.6277931
0.7321702
0.5409652
0.5440261
0.5260688
0.6876849
0.5889195
0.5927967
0.6272829
0.5152535
0.5960616
0.7333946
0.6715641
0.5299459
0.5288236
0.5846342
0.6000408
0.5453525
0.5659627
0.5750434
0.557188
0.597388
0.5423936
0.6558514
0.6055505
0.6672788
0.5486175
0.526783
0.8696051
0.5947352
0.5390266
0.6726865
0.6044281
0.5092338
0.5733088
0.6424855
0.6054484
0.7177839
0.4771962
0.536986
0.5934088
0.5598408
0.5830017
0.5854505
0.5764718
0.499847
0.640955
0.6055505
0.4867871
0.4739312
0.4801551
0.6270789
0.6167738
0.7874707
0.6604428
0.6182022
0.6091215
0.6345271
0.5370881
0.5433119
0.6219773
0.4835221
0.5853484
0.5366799
0.4494439
0.5882053
0.5128048
0.600653
0.4996429
0.691154
0.640955
0.5746352
0.7092133
0.4770942
0.6111621
0.5192327
0.55025
0.4820937
0.5084175
0.5962657
0.6650342
0.5975921
0.4969901
0.6239159
0.5310683
0.7088052
0.6195286
0.5338231
0.5245383
0.5697378
0.5943271
0.5159678
0.5976941
0.5359657
0.5599429
0.4538312
0.5868789
0.5954494
0.4997449
0.6028977
0.5400469
0.4870932
0.5662687
0.5912662
0.6296296
0.5924906
0.5453525
0.4740333
0.5523926
0.8041016
0.6256504
0.5028058
0.7711458
0.5986124
0.5597388
0.7649219
0.5932048
0.6897255
0.6200388
0.6044281
0.5020916
0.4877053
0.5248444
0.6910519
0.5683094
0.5444342
0.6470768
0.6418733
0.6701357
0.6296296
0.536884
0.503418
0.4659729
0.711254
0.7244159
0.5607591
0.5417815
0.7905316
0.6143251
0.5077033
0.5606571
0.5460667
0.5991225
0.5060708
0.6698296
0.5466789
0.516784
0.56382
0.5213754
0.6067748
0.7297215
0.5352515
0.5693297
0.5945312
0.7023773
0.5106622
0.6534027
0.7422712
0.5887154
0.5262728
0.5251505
0.6479951
0.4990307
0.5118865
0.48995
0.5005612
0.6872768
0.5957555
0.6250383
0.567187
0.5867769
0.6220794
0.5260688
0.59045
0.6301398
0.8363432
0.6352413
0.5400469
0.6603408
0.5565759
0.5456586
0.5005612
0.590552
0.6397306
0.5789205
0.657586
0.5622896
0.5400469
0.6114682
0.5816753
0.6899296
0.4981124
0.6356494
0.6028977
0.5272931
0.5540251
0.4612795
0.5811652
0.5937149
0.4912764
0.6361596
0.6546271
0.5883073
0.5544332
0.5455566
0.4494439
0.5880012
0.67789
0.6113662
0.5264769
0.6429956
0.6765636
0.5564738
0.5449444
0.6722783
0.617386
0.4823998
0.6626875
0.5856545
0.6940108
0.587185
0.6224875
0.530252
0.5407611
0.6082032
0.4488318
0.5714723
0.5057647
0.5996327
0.6456484
0.5241302
0.4937251
0.7255382
0.54372
0.5010713
0.5724926
0.6233037
0.483318
0.5567799
0.637588
0.6459545
0.5575962
0.4838282
0.5933068
0.5312723
0.5213754
0.6075911
0.5776962
0.6839098
0.5864708
0.6492195
0.6554433
0.4852566
0.5649424
0.5365779
0.5761657
0.4956637
0.6139169
0.4970921
0.5710642
0.5086216
0.6100398
0.4656668
0.5154576
0.6167738
0.5744312
0.6530966
0.5199469
0.5786144
0.6523824
0.4587287
0.5525967
0.5800429
0.543618
0.5640241
0.81206
0.5794307
0.6164677
0.6200388
0.5438221
0.6063667
0.5808591
0.5041322
0.5908581
0.5088256
0.5920824
0.5777982
0.6276911
0.5379043
0.5310683
0.6293235
0.5093358
0.5892256
0.5960616
0.6171819
0.6898276
0.7142128
0.6850321
0.5892256
0.5566779
0.5557596
0.6187124
0.6629936
0.5781043
0.5147434
0.5414754
0.6183043
0.5011733
0.5429038
0.6578921
0.5802469
0.587185
0.7935925
0.58392
0.6032038
0.6218753
0.6232017
0.7466585
0.8043057
0.7025814
0.4525048
0.6996225
0.6202428
0.6504438
0.5225997
0.5426997
0.6218753
0.5043363
0.5861647
0.5780022
0.6573819
0.4544434
0.5572901
0.6191205
0.587389
0.5195388
0.6351393
0.5555556
0.6798286
0.7730844
0.6002449
0.6353433
0.620651
0.6431997
0.54372
0.7003367
0.5802469
0.5794307
0.5719825
0.5579023
0.6400367
0.6619733
0.6238139
0.6251403
0.5883073
0.5340271
0.5945312
0.6500357
0.9021528
0.5723906
0.56382
0.6301398
0.5105601
0.5963677
0.5277013
0.714723
0.5880012
0.5442302
0.6431997
0.6336088
0.5246403
0.4776043
0.4515866
0.567187
0.657688
0.6731966
0.6486073
0.5220896
0.5758596
0.5589226
0.7429854
0.644322
0.7197225
0.6193246
0.5818794
0.5023977
0.5173962
0.590654
0.526681
0.6144271
0.6079992
0.5528007
0.5478012
0.4656668
0.7490052
0.5798388
0.4913784
0.6784002
0.6128966
0.526783
0.6312621
0.5488215
0.6964595
0.6198347
0.5191307
0.5515764
0.6001428
