0.6315682
0.5696358
0.6592184
0.6459545
0.6077951
0.792062
0.8253239
0.5446383
0.7793082
0.9411285
0.7747169
0.6819712
0.553617
0.8626671
0.4943373
0.677788
0.8248138
0.5560657
0.5630038
0.8849097
0.6689113
0.6958474
0.5419855
0.5348434
0.5793286
0.6792164
0.805428
0.5061728
0.5695337
0.7710438
0.5646363
0.5453525
0.7017651
0.573717
0.6305479
0.5043363
0.7402306
0.6161616
0.6156515
0.6453423
0.7368636
0.8304255
0.6157535
0.7401286
0.6368738
0.6997245
0.4828079
0.7466585
0.6990103
0.8006326
0.6987042
0.701255
0.7121722
0.5961637
0.714825
0.7374758
0.6691154
0.8491991
0.644322
0.5690236
0.6727885
0.6104479
0.8192021
0.5775941
0.7392103
0.8345067
0.570452
0.6824814
0.4995409
0.4873992
0.8013468
0.5790225
0.5851444
0.5862667
0.499847
0.580553
0.6382002
0.8050199
0.5532089
0.6467707
0.8957249
0.4762779
0.5154576
0.667891
0.6838078
0.5832058
0.6765636
0.6439139
0.7498214
0.6936027
0.6969697
0.6821753
0.5465769
0.6393225
0.6193246
0.4986226
0.395878
0.6751352
0.9146006
0.5432099
0.7698194
0.667687
0.852464
0.6961535
0.7992042
0.5110703
0.6216713
0.5794307
0.5757576
0.7591062
0.6034078
0.6451383
0.7102336
0.6069789
0.594123
0.7151311
0.775329
0.8538925
0.6539129
0.5985104
0.5658606
0.6608509
0.6658504
0.6953372
0.7263545
0.5556576
0.630854
0.5474952
0.5207632
0.5060708
0.7576778
0.8494031
0.6640139
0.671156
0.4953576
0.7913478
0.6990103
0.7300275
0.5817774
0.5924906
0.9211305
0.7101316
0.5819814
0.5008673
0.7088052
0.5071931
0.7976737
0.7513519
0.5820835
0.7402306
0.7492093
0.5416794
0.7800224
0.6253444
0.6493215
0.6115702
0.6630956
0.603918
0.6833997
0.6008571
0.788593
0.563922
0.5375982
0.7266605
0.6096317
0.5029079
0.5759616
0.5688195
0.6437098
0.6402408
0.8057341
0.7024793
0.7614529
0.7758392
0.778492
0.8067544
0.6627895
0.8410366
0.8504234
0.5785124
0.7486991
0.5136211
0.5966738
0.4852566
0.5298439
0.6569738
0.6354454
0.6823793
0.5011733
0.5894297
0.6669728
0.6825834
0.630752
0.520151
0.6179982
0.5292317
0.6212631
0.691154
0.7223753
0.5749413
0.5866748
0.52362
0.4888277
0.6347311
0.6014692
0.5752474
0.6150393
0.543618
0.6540149
0.5057647
0.7879808
0.5581063
0.6986022
0.8160392
0.7255382
0.6625855
0.5701459
0.7225793
0.5423936
0.6003469
0.5441282
0.580553
0.835629
0.5982043
0.8908275
0.573921
0.5859606
0.7948169
0.5072952
0.5742271
0.7573717
0.9183757
0.7524742
0.7141108
0.5850423
0.6817672
0.9341904
0.5083155
0.788593
0.5754515
0.5325987
0.6495256
0.7436996
0.7935925
0.7614529
0.5387205
0.5887154
0.5811652
0.7252321
0.6003469
0.5328028
0.4997449
0.7773697
0.6827875
0.5580043
0.6742169
0.4992348
0.4882155
0.6883991
0.8887869
0.5343332
0.5291297
0.7521681
0.6516682
0.9254158
0.7070707
0.6458525
0.4745434
0.6567697
0.5575962
0.563922
0.6136109
0.5635139
0.5253546
0.7324763
0.7425773
0.6598306
0.7917559
0.9176615
0.6771758
0.651158
0.5635139
0.7277829
0.8835833
0.7797164
0.5424957
0.6769717
0.7031936
0.8627691
0.8185899
0.7028875
0.6732986
0.5160698
0.8621569
0.6986022
0.6115702
0.6672788
0.6450362
0.6473829
0.7143149
0.5343332
0.5495358
0.5150495
0.7002347
0.5953474
0.7126824
0.7463524
0.6333027
0.5777982
0.5462708
0.9073564
0.6210591
0.7339047
0.5745332
0.694521
0.6935007
0.6201408
0.5514743
0.7161514
0.6355474
0.6571778
0.694521
0.5818794
0.6828895
0.4855627
0.6169779
0.5833078
0.6525865
0.7693093
0.6873788
0.7731864
0.8832772
0.7033976
0.5894297
0.660953
0.580451
0.926232
0.7066626
0.7071727
0.5970819
0.7803285
0.6922763
0.6789103
0.7484951
0.7530864
0.7064585
0.5088256
0.9129681
0.7948169
0.5601469
0.5688195
0.5736149
0.7053362
0.5438221
0.540251
0.6490154
0.6681971
0.6748291
0.9292929
0.5786144
0.6431997
0.5923885
0.67789
0.758392
0.8814407
0.546985
0.6122845
0.5656566
0.6095296
0.5698398
0.6830936
0.5370881
0.6536068
0.6914601
0.6490154
0.7186001
0.684522
0.6051423
0.5448424
0.8137945
0.7123763
0.7237017
0.6564636
0.6504438
0.8454239
0.533721
0.7154372
0.5464748
0.8510356
0.6730946
0.5820835
0.6450362
0.6055505
0.7747169
0.5646363
0.5463728
0.6944189
0.8179778
0.6270789
0.5655545
0.7161514
0.5496378
0.5193348
0.6709519
0.721355
0.7285991
0.788593
0.6419753
0.6183043
0.6507499
0.5219876
0.6758494
0.6488113
0.6043261
0.7096215
0.5293337
0.7428834
0.6163657
0.4741353
0.5920824
0.6372819
0.7831854
0.7802265
0.4975003
0.6236098
0.7461484
0.5128048
0.7545148
0.6808489
0.8407305
0.7480869
0.8532803
0.6349352
0.8704214
0.8283849
0.6893174
0.7722681
0.4265891
0.5849403
0.8204265
0.8474645
0.8030813
0.7258443
0.7595143
0.5416794
0.493317
0.5506581
0.7525763
0.5585144
0.6015713
0.490052
0.9004183
0.624324
0.5632078
0.597184
0.5398429
0.761657
0.5506581
0.6215692
0.7747169
0.6269768
0.6211611
0.6989083
0.533415
0.6028977
0.5970819
0.4649526
0.5520865
0.5714723
0.7648199
0.8405265
0.7636976
0.5510662
0.6238139
0.526885
0.5585144
0.5123967
0.5541271
0.4751556
0.5547393
0.5668809
0.5199469
0.8336904
0.4995409
0.7169677
0.7521681
0.7815529
0.768595
0.5954494
0.664524
0.5910621
0.6120804
0.6989083
0.590654
0.6506479
0.6787063
0.7806346
0.7801245
0.7877768
0.5832058
0.6258545
0.6390164
0.5767779
0.8604224
0.6329966
0.7995103
0.848995
0.8041016
0.8836853
0.6020814
0.5377002
0.7025814
0.6897255
0.5964697
0.630854
0.7359453
0.5146414
0.6028977
0.5383124
0.6528926
0.8065504
0.5719825
0.6727885
0.7006428
0.5415774
0.6311601
0.597184
0.7662483
0.7898174
0.7948169
0.6782981
0.8897051
0.5665748
0.7827773
0.6730946
0.4992348
0.8688909
0.6973778
0.5382104
0.6937047
0.6062647
0.4880114
0.5049485
0.5450464
0.7620651
0.7964493
0.7702275
0.5462708
0.6759514
0.8081828
0.6564636
0.6194266
0.5224977
0.5910621
0.7160494
0.5882053
0.7178859
0.6070809
0.6993164
0.4367922
0.8351189
0.8349148
0.6251403
0.5588205
0.7514539
0.6691154
0.6785022
0.7201306
0.6832976
0.7362514
0.6314662
0.5714723
0.8084889
0.6718702
0.687889
0.5358637
0.6238139
0.6513621
0.5283134
0.6698296
0.7588001
0.6295276
0.6325885
0.6527905
0.5421896
0.5619835
0.5954494
0.647485
0.5897357
0.7843077
0.8024691
0.5711662
0.7044179
0.6722783
0.6078972
0.5956535
0.8225691
0.7585961
0.6144271
0.5279053
0.6264667
0.8204265
0.7170697
0.5582083
0.5613713
0.6796245
0.7771656
0.5260688
0.5263749
0.5736149
0.7360473
0.5518825
0.7645138
0.7058463
0.530252
0.5037241
0.4512805
0.5392307
0.6825834
0.6655443
0.7772676
0.7273748
0.5844302
0.8393021
0.6151413
0.5563718
0.8881747
0.7570656
0.5127028
0.553617
0.4695439
0.6415672
0.8582798
0.8619529
0.6688093
0.4721967
0.5800429
0.5011733
0.8802163
0.6967656
0.5765738
0.6664626
0.7661463
0.7892052
0.6717682
0.5043363
0.6055505
0.6559535
0.6334048
0.6261606
0.5797368
0.6488113
0.7996123
0.744924
0.8611366
0.6404449
0.7911438
0.6232017
0.5642281
0.7124783
0.7122743
0.5858586
0.6740129
0.7591062
0.5623916
0.6120804
0.7771656
0.7167636
0.6590144
0.5547393
0.714621
0.6956433
0.5372921
0.566983
0.5751454
0.6780941
0.5903479
0.6004489
0.5494337
0.570554
0.5551474
0.6658504
0.8464442
0.8350168
0.5253546
0.6038159
0.5454545
0.7320682
0.5512703
0.5835119
0.6940108
0.7168656
0.6025916
0.8272625
0.7105397
0.6613611
0.808795
0.614121
0.6592184
0.630854
0.6589124
0.4740333
0.5954494
0.4718906
0.8384859
0.7521681
0.879298
0.7499235
0.7227834
0.5186205
0.6055505
0.5989185
0.798694
0.546883
0.5341292
0.6827875
0.5548413
0.7194164
0.6451383
0.6010611
0.620651
0.8874605
0.6560555
0.8309356
0.7506377
0.6714621
0.617386
0.6220794
0.4901541
0.8901133
0.5130089
0.5960616
0.5849403
0.6187124
0.6927865
0.7232935
0.6991123
0.7001326
0.4940312
0.5393327
0.6804408
0.7205387
0.5845322
0.5304561
0.4876033
0.7488011
0.7564534
0.7843077
0.4546475
0.7334966
0.7799204
0.9416386
0.5967758
0.7798184
0.7101316
0.5828997
0.627487
0.84573
0.6254464
0.6036119
0.5119886
0.5523926
0.7743087
0.7970615
0.6999286
0.6784002
0.6631976
0.9117437
0.9183757
0.5680033
0.6355474
0.7792062
0.6898276
0.6793184
0.6361596
0.7766554
0.6127946
0.7256402
0.6513621
0.5499439
0.5966738
0.7184981
0.6279971
0.5841241
0.7094174
0.6548311
0.6235078
0.5506581
0.4881135
0.5229058
0.724926
0.8972554
0.5370881
0.7806346
0.6530966
0.5449444
0.6786042
0.5750434
0.6875829
0.6948271
0.5011733
0.4640343
0.5547393
0.6134068
0.5509642
0.4856647
0.5510662
0.536986
0.5364759
0.6122845
0.587185
0.5549434
0.7111519
0.7609428
0.5796347
0.6235078
0.6696255
0.6468728
0.8751148
0.671054
0.5381084
0.6933986
0.5457606
0.6182022
0.6103459
0.6516682
0.6250383
0.9155188
0.8342006
0.7225793
0.7778798
0.6316702
0.7141108
0.5003571
0.7298235
0.5251505
0.902561
0.7460463
0.6445261
0.5058667
0.5410672
0.7334966
0.6662585
0.6691154
0.7831854
0.5264769
0.5498419
0.6699316
0.6426895
0.681359
0.6420773
0.4842363
0.6988062
0.8451178
0.5749413
0.6096317
0.6793184
0.7194164
0.6422814
0.600755
0.8277727
0.4926028
0.71156
0.6689113
0.714927
0.79196
0.6853382
0.6593205
0.7727783
0.7536986
0.7142128
0.5783083
0.4990307
0.5439241
0.7101316
0.7792062
0.7297215
0.7355372
0.5955515
0.6564636
0.5867769
0.6761555
0.775125
0.6572799
0.6833997
0.7498214
0.5815733
0.6782981
0.5228038
0.6853382
0.8475666
0.7946128
0.6574839
0.6713601
0.7465565
0.6404449
0.7934905
0.577084
0.5446383
0.4718906
0.6350372
0.6485053
0.7354352
0.6348332
0.6049383
0.674421
0.5209672
0.7664524
0.7433935
0.6973778
0.6939088
0.6119784
0.6084073
0.6265687
0.7916539
0.6546271
0.5488215
0.7602285
0.744924
0.6502398
0.5606571
0.4787267
0.5085195
0.7874707
0.5362718
0.5037241
0.6379961
0.8568513
0.8116519
0.6698296
0.6425875
0.6000408
0.734823
0.5491276
0.5747373
0.7745128
0.7362514
0.8612386
0.7695133
0.5073972
0.5882053
0.7357413
0.6038159
0.8051219
0.6755433
0.7204367
0.7553311
0.7442098
0.6398327
0.761861
0.6305479
0.6562596
0.7034996
0.724824
0.7509438
0.4876033
0.8045097
0.5165799
0.7786961
0.6301398
0.7330885
0.7103357
0.802061
0.4935211
0.6594225
0.8401184
0.5715743
0.8851138
0.4552597
0.5713703
0.6641159
0.7566575
0.5472911
0.6430976
0.5784104
0.6423834
0.5233139
0.815427
0.5841241
0.6587083
0.5478012
0.620651
0.4888277
0.489848
0.667891
0.701357
0.6091215
0.7627793
0.5694317
0.6223855
0.6298337
0.7105397
0.56382
0.4316906
0.4743394
0.7468626
0.5565759
0.5465769
0.5673911
0.6589124
