0.7581879
0.5885114
0.7022753
0.7105397
0.6840118
0.6349352
0.7930823
0.5160698
0.5921845
0.8012448
0.731558
0.563616
0.5687175
0.7027854
0.7357413
0.5558616
0.6989083
0.7139067
0.6185083
0.6437098
0.6595245
0.6459545
0.5256606
0.6632997
0.6729926
0.6623814
0.6473829
0.6491174
0.7468626
0.5270891
0.5673911
0.6755433
0.738292
0.627487
0.8463422
0.8587899
0.5388226
0.5528007
0.7432915
0.5990205
0.6286093
0.795327
0.61759
0.5977961
0.4801551
0.7705336
0.9192939
0.7586981
0.6480971
0.6506479
0.6584022
0.664422
0.5259667
0.9270483
0.7045199
0.6387103
0.5478012
0.5945312
0.6104479
0.7539027
0.5632078
0.5450464
0.5753495
0.5417815
0.6789103
0.5447403
0.6399347
0.5957555
0.6394245
0.573921
0.842261
0.5447403
0.647485
0.6964595
0.560351
0.8106316
0.597184
0.6441179
0.7307418
0.5725946
0.7552291
0.6982961
0.6802367
0.6063667
0.8302214
0.5220896
0.7287012
0.8697072
0.7145189
0.7162534
0.707989
0.8580757
0.6636058
0.5052546
0.5767779
0.8831752
0.5153556
0.5787165
0.6627895
0.5574941
0.8664422
0.624018
0.5760637
0.4894399
0.7430874
0.674421
0.6637078
0.7590042
0.603918
0.644322
0.5278033
0.6386083
0.523416
0.6316702
0.59045
0.7690032
0.7322722
0.5573921
0.822263
0.624324
0.590552
0.7220692
0.5953474
0.6607489
0.7018672
0.6573819
0.5763698
0.6469748
0.7787981
0.7028875
0.4928069
0.4869911
0.5720845
0.533619
0.6388124
0.600755
0.4889297
0.7579839
0.8297113
0.8684828
0.8446077
0.6212631
0.6347311
0.4930109
0.5730028
0.7603306
0.6258545
0.6234058
0.7371697
0.8012448
0.7961433
0.6507499
0.5213754
0.5775941
0.5516784
0.7580859
0.4902561
0.7737986
0.8437914
0.473115
0.711356
0.5338231
0.6287114
0.614223
0.5579023
0.7490052
0.6170799
0.5866748
0.8064483
0.4645444
0.7811448
0.7465565
0.5572901
0.7095194
0.6748291
0.8182838
0.7342108
0.5241302
0.5685134
0.6346291
0.6628915
0.6941128
0.7845118
0.9411285
0.7658402
0.6293235
0.7871646
0.8438935
0.8230793
0.6889093
0.5874911
0.5896337
0.4992348
0.6826854
0.54372
0.8897051
0.5860626
0.5442302
0.6404449
0.5463728
0.6914601
0.7022753
0.6623814
0.7103357
0.6795225
0.6680951
0.5174982
0.6345271
0.8005306
0.755025
0.7898174
0.7861443
0.6883991
0.8013468
0.65779
0.8510356
0.5908581
0.6578921
0.7500255
0.5849403
0.6798286
0.7661463
0.5947352
0.6332007
0.7546169
0.5652484
0.5716764
0.8313437
0.761657
0.6232017
0.5891236
0.6536068
0.6154474
0.5727987
0.6701357
0.5812672
0.6008571
0.6797266
0.5732068
0.6623814
0.7070707
0.5224977
0.500153
0.8109377
0.5717784
0.8403224
0.5318845
0.7131925
0.674625
0.6201408
0.7064585
0.8224671
0.5037241
0.7787981
0.7756351
0.8907254
0.6556474
0.587389
0.5819814
0.8569534
0.6068768
0.5040302
0.8076727
0.5069891
0.7099276
0.4492399
0.6044281
0.5951434
0.6503418
0.7253341
0.5446383
0.6535047
0.5493317
0.6100398
0.7017651
0.6094276
0.6118763
0.8390981
0.6285073
0.7745128
0.6512601
0.8162432
0.5942251
0.6858484
0.4977043
0.681053
0.590552
0.7038057
0.4917866
0.7268646
0.5472911
0.8156311
0.8409346
0.5615753
0.4962759
0.5361698
0.7656362
0.6187124
0.5919804
0.5983063
0.630956
0.6235078
0.7826752
0.486685
0.8543006
0.6496276
0.7411489
0.5288236
0.6600347
0.9550046
0.6571778
0.6754413
0.5760637
0.6081012
0.6265687
0.5104581
0.49648
0.6367718
0.6892154
0.5869809
0.7528824
0.6820733
0.5010713
0.8628711
0.8099174
0.6504438
0.7498214
0.8071625
0.7155392
0.745128
0.8567493
0.6169779
0.7279869
0.7992042
0.5295378
0.7325783
0.5576982
0.5445363
0.6807469
0.6809509
0.892613
0.8315478
0.5614733
0.7983879
0.6192225
0.5608611
0.9125599
0.7430874
0.5179063
0.5518825
0.6729926
0.7182941
0.7542088
0.4585246
0.4991327
0.6388124
0.7062545
0.6458525
0.553719
0.463218
0.5652484
0.721559
0.5664728
0.5791246
0.8246097
0.4644424
0.6350372
0.5564738
0.704622
0.8580757
0.6774819
0.5919804
0.8535864
0.5228038
0.7130905
0.573819
0.8869503
0.7334966
0.8099174
0.724926
0.5322926
0.7303336
0.6352413
0.4479135
0.6311601
0.7944087
0.6723804
0.4939292
0.7100296
0.6796245
0.5848383
0.5377002
0.5632078
0.5153556
0.7766554
0.6634017
0.6554433
0.6525865
0.4880114
0.6753393
0.7593103
0.4959698
0.5362718
0.6102439
0.7191103
0.560555
0.8009387
0.4868891
0.5896337
0.7470666
0.7928783
0.6909499
0.5697378
0.4474033
0.6988062
0.7151311
0.7567595
0.5196409
0.5294358
0.5176002
0.8410366
0.6523824
0.553719
0.6287114
0.8433833
0.5675951
0.6646261
0.6858484
0.5860116
0.6489134
0.6902357
0.6572799
0.7392103
0.7736966
0.6764616
0.781961
0.5576982
0.6228956
0.6013672
0.7924702
0.5080604
0.7883889
0.5378023
0.7104377
0.5483114
0.8997041
0.7312519
0.660953
0.4636262
0.419345
0.8652178
0.5960616
0.7126824
0.7255382
0.6159576
0.5626977
0.5785124
0.6119784
0.5091317
0.697888
0.6488113
0.5456586
0.5996327
0.6366697
0.6114682
0.6832976
0.6164677
0.5698398
0.6499337
0.5143353
0.8570554
0.5787165
0.7151311
0.805428
0.7412509
0.7043159
0.5239261
0.5993266
0.5965718
0.7626773
0.7929803
0.6290174
0.6875829
0.8324661
0.8469544
0.6414652
0.4919906
0.5630038
0.5518825
0.7210489
0.4830119
0.667891
0.7434956
0.6446281
0.8204265
0.553617
0.5744312
0.6685032
0.7786961
0.7277829
0.7748189
0.499847
0.5192327
0.6133048
0.6636058
0.510152
0.7367616
0.7563514
0.8651158
0.7118661
0.570452
0.7259463
0.6120804
0.8984797
0.7021732
0.7533925
0.7019692
0.7826752
0.6658504
0.7432915
0.4795429
0.6293235
0.5572901
0.7022753
0.7459443
0.5294358
0.570452
0.6684012
0.7070707
0.5404551
0.6805428
0.7356392
0.4829099
0.7772676
0.5787165
0.7160494
0.5360677
0.4659729
0.4535252
0.5411693
0.6573819
0.7256402
0.8117539
0.5831038
0.5606571
0.5933068
0.6876849
0.7870625
0.4622998
0.5026018
0.5654525
0.5348434
0.5745332
0.6382002
0.7570656
0.5855525
0.8876645
0.4757678
0.7347209
0.5474952
0.580655
0.6190185
0.6384042
0.8047138
0.67789
0.8864402
0.5813692
0.6412611
0.6757474
0.5155596
0.6378941
0.738292
0.637588
0.5746352
0.6876849
0.6692174
0.5019896
0.5590246
0.5298439
0.5370881
0.7508418
0.7592082
0.5263749
0.8469544
0.7145189
0.5325987
0.6165697
0.5495358
0.7121722
0.6857464
0.7862463
0.7619631
0.7217631
0.7762473
0.5887154
0.6738088
0.7879808
0.4815835
0.9721457
0.7828793
0.6305479
0.4838282
0.490052
0.587185
0.5687175
0.5158657
0.6763596
0.5851444
0.8395062
0.5654525
0.6192225
0.8427711
0.6857464
0.6170799
0.7793082
0.6280992
0.6902357
0.5386185
0.7127844
0.8295072
0.5923885
0.6585042
0.5572901
0.8907254
0.6695235
0.6837057
0.5006632
0.5662687
0.5284155
0.6623814
0.8017549
0.7606367
0.620753
0.778492
0.4912764
0.5389246
0.6460565
0.8231813
0.6027956
0.9275584
0.8461381
0.7044179
0.7086012
0.3863891
0.637588
0.5834099
0.5348434
0.6629936
0.664524
0.738088
0.7174778
0.7661463
0.6261606
0.65779
0.6560555
0.9313335
0.5501479
0.5257627
0.7188042
0.7611468
0.6127946
0.483216
0.5776962
0.6152433
0.6418733
0.577288
0.6305479
0.8911336
0.4951536
0.7539027
0.6001428
0.5084175
0.5340271
0.5446383
0.5509642
0.7267626
0.6187124
0.684726
0.6136109
0.536884
0.7675747
0.6793184
0.4547495
0.818896
0.5450464
0.5556576
0.7845118
0.597286
0.8196102
0.5633099
0.7756351
0.9414345
0.5050505
0.8687889
0.6770738
0.5888685
0.6636058
0.5970819
0.5849403
0.7599225
0.708091
0.6047342
0.5589226
0.5467809
0.83216
0.7937966
0.7659423
0.83216
0.566983
0.6926844
0.6051423
0.5347414
0.8022651
0.6563616
0.7555351
0.7554331
0.6430976
0.6535047
0.5317825
0.5566779
0.6337108
0.4957657
0.6933986
0.5416794
0.6816651
0.717988
0.5290277
0.7994082
0.5081114
0.496684
0.6792164
0.5794307
0.5008673
0.5350474
0.5442302
0.5529028
0.5476992
0.5662687
0.7671666
0.6565657
0.5479033
0.5428018
0.6755433
0.7619631
0.7901235
0.6991123
0.7856341
0.5262728
0.5600449
0.8484848
0.6516682
0.6721763
0.5057647
0.5758596
0.8129783
0.8984797
0.65779
0.661157
0.8981737
0.8525661
0.5023977
0.5512703
0.7665544
0.7122743
0.8138965
0.5666769
0.7945108
0.5189266
0.6589124
0.6701357
0.490052
0.6105499
0.5834099
0.7069687
0.557188
0.8041016
0.6856443
0.570452
0.5999388
0.7387001
0.7431895
0.5513723
0.8117539
0.7648199
0.758494
0.6770738
0.5828997
0.5545353
0.8350168
0.6685032
0.7273748
0.5228038
0.7676768
0.6291195
0.5188246
0.865626
0.7317621
0.6396286
0.5927967
0.5170901
0.7378839
0.6696255
0.7090093
0.6348332
0.6294256
0.6009591
0.8434854
0.6487093
0.7512499
0.5675951
0.520253
0.9286807
0.8157331
0.7791042
0.6051423
0.801959
0.9608203
0.7463524
0.8710336
0.5685134
0.6223855
0.7568615
0.9341904
0.4981124
0.6990103
0.8555249
0.5958576
0.6215692
0.5056627
0.6250383
0.6679931
0.6501377
0.5601469
0.4538312
0.5192327
0.9253137
0.6667687
0.5899398
0.5613713
0.5285175
0.5412713
0.8602183
0.5917763
0.8714417
0.7004387
0.6852362
0.7020712
0.7060504
0.6047342
0.7174778
0.6613611
0.6680951
0.5943271
0.6586063
0.5077033
0.4981124
0.6032038
0.7772676
0.8183859
0.459647
0.7002347
0.5621875
0.7493113
0.684522
0.573819
0.8467503
0.5121926
0.570554
0.7360473
0.7221712
0.7491072
0.6798286
0.5120906
0.8226712
0.7914499
0.7757372
0.6842159
0.7668605
0.671156
0.5933068
0.7170697
0.8240996
0.6109581
0.714927
0.7961433
0.5009693
0.5553515
0.6631976
0.5382104
0.7128864
0.7892052
0.8108356
0.7134986
0.4905622
0.5742271
0.7175798
0.5058667
0.9360269
0.7760433
0.5443322
0.5744312
0.6873788
0.6352413
0.7441077
0.7615549
0.5600449
0.5947352
0.5386185
0.5513723
0.7553311
0.5795327
0.5665748
0.6197327
0.584022
0.7407407
0.5533109
0.8097133
0.6328946
0.5854505
0.6620753
0.8212427
0.6292215
0.5988164
0.6608509
0.4955617
0.5729007
0.5675951
0.4819916
0.5733088
0.6226916
0.6093256
0.744924
0.647485
0.6807469
0.7228854
0.4557698
0.7402306
0.5455566
0.5342312
0.6762575
0.5514743
0.7357413
0.7240078
0.7163555
0.8229772
0.5691256
0.882665
0.8377717
0.5215794
0.603918
0.5699418
0.6629936
0.6565657
0.8982757
0.694521
0.6962555
0.5747373
0.7010509
0.7024793
0.8628711
0.5221916
0.6523824
0.8066524
0.8835833
0.6062647
0.5187226
0.6500357
0.7354352
0.6872768
0.8822569
0.6426895
0.7760433
0.5949393
0.7108458
0.5833078
0.6939088
0.711458
0.6661565
0.6801347
0.5918784
0.5910621
0.8889909
0.6117743
0.530048
0.5813692
0.8974594
0.7764514
0.6533007
0.5360677
0.6722783
0.6451383
0.6584022
0.71156
0.728293
0.8383838
0.5360677
0.4893378
0.496786
0.6261606
0.6449342
