0.5932048
0.5864708
0.4947454
0.7627793
0.6606469
0.5567799
0.4877053
0.5653505
0.6794205
0.4609734
0.6185083
0.6268748
0.6318743
0.56382
0.6166718
0.5866748
0.5423936
0.7068666
0.6487093
0.6013672
0.577186
0.5985104
0.6335068
0.5273952
0.6638098
0.5888175
0.5910621
0.6386083
0.6250383
0.8264463
0.442914
0.8244057
0.5012754
0.7110499
0.5729007
0.5464748
0.9615345
0.5850423
0.5797368
0.6705438
0.701255
0.5848383
0.6034078
0.4740333
0.5914703
0.6419753
0.4805632
0.6137129
0.8771554
0.5126008
0.5985104
0.7209468
0.5594327
0.5350474
0.6464646
0.6366697
0.6403428
0.5864708
0.6840118
0.5452505
0.5013774
0.6464646
0.9119478
0.5884093
0.5272931
0.5455566
0.496684
0.5773901
0.6290174
0.6124885
0.6154474
0.6592184
0.8245077
0.5279053
0.6205489
0.5136211
0.6718702
0.5079074
0.5593307
0.5482094
0.6681971
0.5755535
0.7049281
0.5677992
0.4980104
0.6188144
0.5264769
0.5523926
0.553719
0.6736047
0.6000408
0.7504336
0.5481073
0.48995
0.4722987
0.6787063
0.486481
0.5622896
0.6457504
0.5155596
0.6144271
0.6280992
0.5877972
0.5819814
0.6316702
0.6333027
0.5162738
0.6480971
0.6227936
0.6253444
0.4958678
0.7759412
0.687787
0.6831956
0.7263545
0.540353
0.6204469
0.5597388
0.6352413
0.5612693
0.7764514
0.6059586
0.8869503
0.7123763
0.5743292
0.6423834
0.7586981
0.7701255
0.5183145
0.5216815
0.6084073
0.5299459
0.6088154
0.7568615
0.5782063
0.4806652
0.6065708
0.526987
0.6406489
0.6413631
0.6295276
0.6808489
0.6081012
0.4992348
0.459851
0.6786042
0.6427916
0.5508622
0.5542292
0.5763698
0.6436078
0.5925926
0.4889297
0.6422814
0.4341394
0.6925824
0.5624936
0.4814815
0.5524946
0.6113662
0.5329048
0.6300378
0.5586165
0.5753495
0.5596368
0.5952454
0.5849403
0.6566677
0.7026834
0.5509642
0.7591062
0.6078972
0.641057
0.5500459
0.630956
0.7373737
0.8061422
0.5561677
0.6139169
0.5387205
0.5018876
0.5434139
0.5467809
0.7503316
0.7553311
0.5186205
0.6262626
0.6024895
0.7061524
0.5111723
0.6150393
0.5539231
0.5260688
0.5828997
0.4851546
0.7398225
0.4774003
0.6127946
0.5089277
0.5961637
0.6752372
0.6657484
0.7283951
0.4803591
0.6491174
0.5742271
0.7145189
0.6498316
0.6389144
0.6257525
0.724824
0.8458321
0.7272727
0.4935211
0.4911744
0.5899398
0.7455362
0.7150291
0.6799306
0.7850219
0.6422814
0.5580043
0.7532905
0.7668605
0.6487093
0.6719722
0.7596164
0.7443118
0.5265789
0.6951331
0.5597388
0.7326803
0.7838996
0.6607489
0.637588
0.7100296
0.7375778
0.7351291
0.5931027
0.6115702
0.557086
0.6393225
0.5711662
0.6248342
0.6795225
0.5421896
0.590552
0.7142128
0.5390266
0.6461586
0.7510458
0.5893276
0.5265789
0.667687
0.4895419
0.5362718
0.5810632
0.75176
0.7612489
0.7196204
0.5783083
0.6229977
0.7821651
0.7088052
0.550352
0.6717682
0.6104479
0.7401286
0.8694011
0.8871544
0.6858484
0.4702581
0.6193246
0.536884
0.8479747
0.6567697
0.6616672
0.7644118
0.5817774
0.630956
0.5779002
0.6222834
0.674523
0.7585961
0.6628915
0.6388124
0.6101418
0.6489134
0.5819814
0.5010713
0.5762677
0.5239261
0.7141108
0.6434037
0.7243138
0.5952454
0.5615753
0.5163759
0.5616774
0.8039996
0.577084
0.5117845
0.526987
0.587287
0.6823793
0.9466381
0.4776043
0.5560657
0.7020712
0.6052444
0.6848281
0.6891134
0.5328028
0.6357515
0.6283032
0.5999388
0.647791
0.5244363
0.8595041
0.7287012
0.7257423
0.7428834
0.607285
0.6486073
0.4872972
0.6315682
0.573921
0.6455464
0.6864606
0.597184
0.624324
0.5614733
0.6481992
0.8060402
0.4586267
0.6649321
0.5275992
0.6396286
0.6114682
0.6038159
0.7669626
0.5630038
0.6047342
0.4611774
0.707887
0.5028058
0.8293031
0.5951434
0.6063667
0.6051423
0.5981022
0.6429956
0.6105499
0.5030099
0.7141108
0.7158453
0.5820835
0.5735129
0.6761555
0.4645444
0.573921
0.6182022
0.5089277
0.6842159
0.7391083
0.600755
0.6057545
0.8123661
0.5219876
0.4776043
0.5594327
0.4687277
0.4573003
0.7982859
0.6265687
0.5286195
0.7603306
0.4975003
0.5673911
0.6170799
0.8465463
0.7335986
0.7896133
0.6289154
0.6146312
0.5459647
0.69799
0.4737272
0.5827977
0.6668707
0.5664728
0.7096215
0.6928885
0.5686154
0.7387001
0.7768595
0.8740945
0.6977859
0.5752474
0.7288032
0.6434037
0.5696358
0.5479033
0.4388328
0.4786246
0.5204571
0.7108458
0.4540353
0.6364657
0.4489338
0.5121926
0.4804612
0.6910519
0.5794307
0.627589
0.5206612
0.5452505
0.5606571
0.6852362
0.4629119
0.5832058
0.5919804
0.5395368
0.5845322
0.5262728
0.6461586
0.5876951
0.6157535
0.5902459
0.5665748
0.5332109
0.6668707
0.5517804
0.5807571
0.7306397
0.5407611
0.5483114
0.7942047
0.6324865
0.6548311
0.5890215
0.5068871
0.6075911
0.751556
0.788593
0.4651566
0.6125906
0.6082032
0.533619
0.7701255
0.7463524
0.6263647
0.6814611
0.4896439
0.5954494
0.516784
0.6131007
0.5593307
0.6071829
0.5177023
0.7302316
0.5182124
0.6232017
0.6228956
0.5220896
0.5700439
0.7895113
0.8403224
0.5590246
0.479747
0.5305581
0.5552495
0.8061422
0.6414652
0.553617
0.5293337
0.6360575
0.6053464
0.5107642
0.6891134
0.5712682
0.553821
0.4917866
0.5193348
0.7613509
0.7530864
0.5057647
0.6066728
0.5549434
0.6295276
0.4205693
0.4610754
0.5725946
0.6875829
0.6730946
0.6620753
0.5551474
0.8683808
0.6614631
0.6345271
0.4606673
0.5897357
0.5783083
0.4684216
0.6424855
0.6875829
0.5618814
0.5272931
0.9129681
0.6230997
0.5683094
0.8721559
0.7056423
0.6858484
0.5481073
0.5139272
0.5522906
0.5179063
0.8099174
0.5781043
0.5530048
0.4543414
0.5397408
0.6162636
0.6732986
0.8041016
0.5419855
0.5513723
0.6427916
0.6029997
0.5331089
0.587287
0.7977757
0.5497398
0.5374962
0.751556
0.520151
0.6135088
0.5726967
0.5987144
0.6921743
0.5559637
0.707989
0.4475054
0.7990001
0.7908377
0.5185185
0.473319
0.6184063
0.6211611
0.7058463
0.5762677
0.7345169
0.5922865
0.456382
0.6252423
0.5053566
0.8189981
0.6743189
0.4444444
0.5411693
0.6349352
0.7796143
0.714723
0.5150495
0.6147332
0.6010611
0.6162636
0.6540149
0.6042241
0.5097439
0.7001326
0.6089175
0.5055607
0.5361698
0.4875013
0.7030915
0.5676972
0.6448322
0.4478114
0.7131925
0.5015815
0.5398429
0.8400163
0.6067748
0.5664728
0.5607591
0.7366595
0.593919
0.7588001
0.7423732
0.7923681
0.7068666
0.6226916
0.5331089
0.6822773
0.4645444
0.6588103
0.637588
0.6244261
0.4997449
0.4676053
0.5732068
0.5888175
0.6232017
0.5271911
0.6585042
0.5935109
0.4208754
0.5951434
0.5758596
0.4894399
0.5988164
0.691358
0.5207632
0.4906642
0.8554229
0.5500459
0.7659423
0.5890215
0.6016733
0.6756453
0.5923885
0.6161616
0.7542088
0.5141312
0.4473013
0.6537088
0.6399347
0.5524946
0.6723804
0.6350372
0.5215794
0.7363534
0.5421896
0.4594429
0.5832058
0.7353331
0.6729926
0.751556
0.5002551
0.5626977
0.6562596
0.7040098
0.6650342
0.6977859
0.5188246
0.5243343
0.5831038
0.5860626
0.6893174
0.701357
0.6686052
0.476584
0.6623814
0.4825018
0.7271707
0.8112438
0.6190185
0.7370676
0.8314458
0.7610448
0.5810632
0.5775941
0.5668809
0.8671564
0.7011529
0.5381084
0.6932966
0.5557596
0.4906642
0.6627895
0.8805224
0.7947148
0.7622692
0.58392
0.5231099
0.567187
0.8688909
0.560249
0.614019
0.728293
0.5644322
0.9066422
0.5112744
0.5529028
0.7883889
0.6313641
0.5984083
0.5512703
0.6115702
0.7056423
0.8147128
0.5897357
0.4555658
0.6035098
0.6411591
0.5978982
0.5682073
0.5304561
0.5741251
0.6351393
0.6801347
0.5699418
0.6650342
0.5878992
0.5848383
0.5109683
0.5272931
0.6289154
0.792062
0.6033058
0.4181206
0.8771554
0.6049383
0.6143251
0.6435058
0.7430874
0.7499235
0.624018
0.8062443
0.5288236
0.7337006
0.6385063
0.6360575
0.6569738
0.5677992
0.6960514
0.6084073
0.5254566
0.6028977
0.6515662
0.4978063
0.5757576
0.5819814
0.7609428
0.6521783
0.6572799
0.75176
0.5723906
0.5714723
0.6032038
0.7471687
0.5813692
0.5666769
0.5020916
0.6389144
0.7805326
0.5198449
0.6747271
0.5542292
0.7556372
0.5994286
0.7726763
0.6324865
0.6876849
0.6272829
0.5411693
0.6424855
0.8118559
0.6373839
0.5507601
0.6166718
0.6366697
0.5551474
0.6244261
0.9304153
0.768595
0.5525967
0.6940108
0.6860524
0.64422
0.650954
0.6159576
0.546883
0.6895215
0.5821855
0.5015815
0.5935109
0.6079992
0.7175798
0.5953474
0.5048464
0.8264463
0.8031833
0.4264871
0.5293337
0.5967758
0.5093358
0.6717682
0.499949
0.6025916
0.5769819
0.5819814
0.4844404
0.5126008
0.7299255
0.7303336
0.4953576
0.5314764
0.4897459
0.4695439
0.6066728
0.6804408
0.4643404
0.4805632
0.4885216
0.7296194
0.6055505
0.7159474
0.8437914
0.7827773
0.684726
0.5238241
0.5855525
0.4982145
0.6753393
0.4679114
0.6048362
0.6420773
0.6943169
0.5967758
0.4858688
0.4235282
0.6353433
0.6317723
0.5388226
0.4902561
0.6054484
0.7485971
0.533721
0.6951331
0.6629936
0.4997449
0.7408428
0.540251
0.4447505
0.8108356
0.5362718
0.6990103
0.5667789
0.7038057
0.5182124
0.5245383
0.6966636
0.5791246
0.7256402
0.6752372
0.6484032
0.7608407
0.5071931
0.7833895
0.6042241
0.4837262
0.7255382
0.5927967
0.6927865
0.6795225
0.5685134
0.4408734
0.7634935
0.5495358
0.5706561
0.6195286
0.6537088
0.721355
0.8996021
0.5177023
0.6156515
0.7274768
0.6403428
0.6056525
0.6896235
0.5822875
0.691358
0.5858586
0.7161514
0.5460667
0.6502398
0.5293337
0.8727681
0.7455362
0.59045
0.5746352
0.5616774
0.7746148
0.5363738
0.5256606
0.5896337
0.4794409
0.5408632
0.5482094
0.6751352
0.717988
0.5611672
0.681053
0.6888073
0.7266605
0.5554535
0.7026834
0.5984083
0.573921
0.5359657
0.6771758
0.7495154
0.5750434
0.5454545
0.7274768
0.5169881
0.791858
0.6354454
0.5622896
0.6329966
0.6672788
0.8805224
0.5549434
0.6995205
0.6033058
0.6010611
0.5674931
0.6860524
0.6064687
0.4876033
0.6235078
0.5795327
0.4892358
0.5980002
0.7001326
0.4937251
0.6112642
0.5189266
0.7196204
0.6116723
0.6581981
0.5347414
0.8549128
0.6873788
0.5896337
0.6782981
0.5799408
0.694725
0.5558616
0.5342312
0.573717
0.5471891
0.4452607
0.6071829
0.7332925
0.5797368
0.5959596
0.4958678
0.7254362
0.4996429
0.573819
0.5354556
0.5900418
0.6454443
0.7861443
0.9170493
0.5802469
0.4935211
0.620855
0.6547291
0.6587083
0.6025916
0.6244261
0.7823691
0.6579941
0.5646363
0.6117743
0.5412713
0.4734211
0.630854
0.6535047
0.71156
0.5052546
0.6338129
0.614121
0.6642179
0.5328028
0.5360677
0.5397408
0.5428018
0.6859504
0.5108662
0.5340271
0.6613611
0.661157
0.6075911
0.6420773
0.5886134
0.6023875
0.7512499
0.6303438
0.6412611
0.7176819
0.5492297
0.5345373
0.8147128
0.5823896
