0.533415
0.5091317
0.6935007
0.5707581
0.6227936
0.4307724
0.556882
0.6306499
0.848893
0.8007346
0.6371799
0.8998061
0.5159678
0.5411693
0.8029793
0.8276706
0.7251301
0.5343332
0.7993062
0.8257321
0.6489134
0.553719
0.6972758
0.6921743
0.7506377
0.5997347
0.71809
0.9038874
0.6512601
0.5962657
0.7663504
0.6718702
0.7680849
0.734925
0.6851342
0.6216713
0.7558412
0.6917661
0.9397
0.6496276
0.8265483
0.5877972
0.5299459
0.6047342
0.6051423
0.5375982
0.5398429
0.5779002
0.6285073
0.5780022
0.7722681
0.5966738
0.4599531
0.6702377
0.7505357
0.6775839
0.6454443
0.5722885
0.5720845
0.5246403
0.6893174
0.4869911
0.7958372
0.7129885
0.9301092
0.67789
0.5706561
0.7844098
0.7656362
0.8248138
0.7499235
0.6064687
0.6201408
0.6267728
0.5881033
0.5789205
0.6421794
0.557188
0.5483114
0.620753
0.6303438
0.9250077
0.7340067
0.8930721
0.647689
0.7155392
0.7435976
0.7588001
0.6370778
0.4907662
0.9378635
0.8228752
0.6865626
0.7389042
0.6651362
0.6114682
0.677992
0.5760637
0.9184777
0.5354556
0.4946434
0.9375574
0.7413529
0.8911336
0.6867667
0.8446077
0.5070911
0.8141006
0.7345169
0.8610346
0.4996429
0.5878992
0.5028058
0.8566473
0.7500255
0.6615651
0.6263647
0.8817468
0.835425
0.5165799
0.741557
0.7559433
0.8877666
0.6085093
0.6507499
0.6326905
0.6261606
0.8986838
0.6775839
0.573921
0.5565759
0.8424651
0.7189062
0.6724824
0.7735945
0.5412713
0.7967554
0.6520763
0.5855525
0.8272625
0.6205489
0.5679012
0.8478727
0.5617794
0.6726865
0.5710642
0.6256504
0.5841241
0.6500357
0.5740231
0.7422712
0.6016733
0.6803387
0.7139067
0.7741047
0.5690236
0.6885012
0.8092031
0.6446281
0.7422712
0.956331
0.8740945
0.6898276
0.5342312
0.7905316
0.4896439
0.771656
0.6700337
0.5861647
0.6548311
0.5890215
0.7036017
0.5240282
0.818896
0.5510662
0.6127946
0.5845322
0.5372921
0.4748495
0.617386
0.8742985
0.738088
0.9191919
0.5990205
0.6033058
0.8668503
0.6953372
0.8097133
0.5880012
0.6653403
0.8372615
0.6345271
0.4929089
0.516784
0.7830834
0.624324
0.7195184
0.5645342
0.5690236
0.4527089
0.59045
0.5225997
0.550454
0.8426691
0.6832976
0.6014692
0.8471585
0.879196
0.5653505
0.7109479
0.5512703
0.5735129
0.6380982
0.6960514
0.7589022
0.9150087
0.5283134
0.6235078
0.8444036
0.553821
0.859096
0.5962657
0.7359453
0.7332925
0.5087236
0.5572901
0.5116825
0.7344149
0.5114784
0.8441996
0.5453525
0.6383022
0.5459647
0.7184981
0.5783083
0.6695235
0.8272625
0.6606469
0.6356494
0.6036119
0.858994
0.593919
0.5505561
0.5658606
0.5883073
0.5208652
0.6017753
0.6067748
0.5460667
0.7635956
0.6716662
0.6419753
0.580655
0.6491174
0.7951229
0.9310274
0.6322824
0.7093154
0.6857464
0.7010509
0.6483012
0.5457606
0.4838282
0.7259463
0.5549434
0.5722885
0.8460361
0.5743292
0.8108356
0.7774717
0.6389144
0.67789
0.6969697
0.811958
0.6121824
0.7477808
0.6699316
0.6468728
0.5614733
0.6764616
0.5750434
0.499847
0.7136007
0.8031833
0.466585
0.5841241
0.8178757
0.64422
0.6801347
0.620651
0.8654219
0.6720743
0.9096011
0.5377002
0.7088052
0.5517804
0.7193144
0.463218
0.8530762
0.5084175
0.5891236
0.85226
0.6921743
0.5259667
0.6419753
0.5094378
0.5598408
0.8269564
0.587389
0.7372717
0.7310479
0.5304561
0.6591164
0.6885012
0.5327007
0.7436996
0.6433017
0.5583104
0.7755331
0.483216
0.7024793
0.6571778
0.6652382
0.6090195
0.533619
0.7037037
0.7814509
0.5619835
0.9056219
0.6539129
0.5366799
0.9158249
0.6600347
0.5743292
0.6466687
0.7977757
0.7536986
0.6499337
0.5321906
0.6430976
0.694623
0.6825834
0.5676972
0.6151413
0.5707581
0.7069687
0.5633099
0.7011529
0.520253
0.768595
0.7444138
0.6023875
0.7896133
0.8918478
0.8973574
0.724926
0.503418
0.6522804
0.6867667
0.5354556
0.8117539
0.6848281
0.5690236
0.882563
0.5993266
0.5093358
0.5815733
0.6987042
0.7274768
0.5485155
0.707887
0.6269768
0.7033976
0.6000408
0.5623916
0.4883175
0.6440159
0.5803489
0.852464
0.5706561
0.4792368
0.5121926
0.6398327
0.5585144
0.6032038
0.6620753
0.5479033
0.6654423
0.5289256
0.8316498
0.694725
0.9158249
0.6939088
0.5722885
0.5956535
0.677992
0.4983165
0.8632793
0.5461688
0.6103459
0.8739924
0.6419753
0.6261606
0.8105295
0.7257423
0.5766758
0.6648301
0.5758596
0.5393327
0.6353433
0.5744312
0.5289256
0.6642179
0.520049
0.5475972
0.6759514
0.5386185
0.8204265
0.7594123
0.8232833
0.6524844
0.5390266
0.5824916
0.7462504
0.5407611
0.6927865
0.6561575
0.557086
0.8493011
0.8379757
0.6460565
0.8333843
0.7464544
0.6686052
0.8142026
0.5265789
0.745026
0.7423732
0.7766554
0.6599327
0.5861647
0.4841343
0.9702071
0.5757576
0.7547189
0.7882869
0.7900214
0.6547291
0.5280073
0.6567697
0.6387103
0.7306397
0.5172942
0.7677788
0.9581675
0.5666769
0.4905622
0.771962
0.5296398
0.7950209
0.5392307
0.7838996
0.5848383
0.7491072
0.7904295
0.9370472
0.7602285
0.5498419
0.7266605
0.7424753
0.7777778
0.5450464
0.721355
0.6608509
0.6296296
0.7250281
0.5851444
0.5875931
0.8013468
0.5761657
0.6191205
0.7137027
0.5539231
0.7697174
0.8269564
0.6769717
0.7276808
0.6499337
0.6220794
0.7529844
0.77839
0.7015611
0.7498214
0.6469748
0.5015815
0.5827977
0.6036119
0.7737986
0.7056423
0.4808693
0.6995205
0.5974901
0.5821855
0.6219773
0.6160596
0.6724824
0.8516478
0.5093358
0.5229058
0.6639118
0.8599123
0.7275788
0.5370881
0.5933068
0.698092
0.5975921
0.5270891
0.6914601
0.5585144
0.9411285
0.5900418
0.5952454
0.5257627
0.51005
0.6802367
0.5556576
0.8533823
0.7257423
0.6719722
0.4853586
0.5824916
0.6269768
0.5329048
0.6220794
0.5158657
0.7649219
0.7091113
0.6053464
0.7295174
0.654219
0.536986
0.7216611
0.6259565
0.6578921
0.6068768
0.8182838
0.795327
0.7070707
0.7430874
0.8243036
0.708193
0.6530966
0.8236915
0.6522804
0.5362718
0.6780941
0.7608407
0.6360575
0.610754
0.7664524
0.7192123
0.5645342
0.7743087
0.7743087
0.5543312
0.5275992
0.6564636
0.687787
0.5698398
0.6110601
0.600551
0.5454545
0.8342006
0.8239976
0.5353535
0.7596164
0.7613509
0.6089175
0.714825
0.6664626
0.6360575
0.6920722
0.8223651
0.620855
0.8128762
0.5506581
0.6093256
0.614223
0.6628915
0.6657484
0.8908275
0.4988267
0.6513621
0.8573615
0.6562596
0.4840322
0.9052138
0.7878788
0.815325
0.8067544
0.8438935
0.5932048
0.5419855
0.5540251
0.7306397
0.5463728
0.4667891
0.748189
0.604122
0.7306397
0.7637996
0.6222834
0.6579941
0.7907356
0.5586165
0.6145291
0.7054382
0.728191
0.8729721
0.5365779
0.6397306
0.771758
0.7849199
0.7581879
0.5652484
0.7787981
0.835425
0.8217529
0.7279869
0.7950209
0.6888073
0.6921743
0.5807571
0.657586
0.6671768
0.7257423
0.7657382
0.6272829
0.499949
0.6105499
0.7192123
0.6771758
0.5543312
0.8996021
0.610652
0.7929803
0.6000408
0.4911744
0.5249464
0.6280992
0.9491889
0.5745332
0.8722579
0.5584124
0.6760535
0.7242118
0.5994286
0.6794205
0.5207632
0.5643302
0.7129885
0.5620855
0.610856
0.8044077
0.8866442
0.9142945
0.8538925
0.5385165
0.8838894
0.7443118
0.75176
0.7670646
0.5515764
0.5490256
0.5379043
0.8095092
0.5596368
0.5878992
0.5890215
0.6109581
0.8774615
0.5674931
0.4633201
0.6134068
0.5781043
0.8616468
0.7957351
0.8023671
0.9075605
0.8763391
0.5261708
0.5072952
0.6954392
0.5359657
0.8485869
0.7265585
0.6239159
0.5113764
0.8033874
0.4972962
0.4997449
0.5305581
0.5418835
0.7368636
0.6306499
0.8554229
0.6425875
0.7500255
0.7272727
0.6163657
0.6856443
0.8364453
0.7040098
0.661055
0.5476992
0.6618712
0.795429
0.7822671
0.6122845
0.4544434
0.9241914
0.5203551
0.6500357
0.6098357
0.6701357
0.6773799
0.7459443
0.6326905
0.6583002
0.5582083
0.7831854
0.536782
0.5595347
0.6370778
0.5912662
0.5479033
0.6210591
0.5352515
0.8375676
0.5145393
0.4368942
0.6818692
0.6228956
0.7223753
0.610652
0.5409652
0.8802163
0.956433
0.5707581
0.8110397
0.6088154
0.7872666
0.5316804
0.6352413
0.8260382
0.4683196
0.8381798
0.7075809
0.8534843
0.573819
0.6088154
0.6868687
0.5421896
0.7909397
0.5817774
0.533415
0.7571676
0.8129783
0.8883787
0.7334966
0.533619
0.5181104
0.5013774
0.8239976
0.5912662
0.5594327
0.5658606
0.832058
0.7287012
0.8182838
0.7559433
0.5777982
0.5164779
0.728293
0.6967656
0.7966534
0.6270789
0.5079074
0.5330068
0.5501479
0.8063463
0.5158657
0.4901541
0.6124885
0.5876951
0.6214672
0.5927967
0.7299255
0.5584124
0.5591266
0.7464544
0.5386185
0.8038976
0.8571574
0.7137027
0.6885012
0.4869911
0.7955311
0.490052
0.5387205
0.6660545
0.7823691
0.6664626
0.8044077
0.6931946
0.5810632
0.7123763
0.5980002
0.8864402
0.7604326
0.8780737
0.607285
0.6457504
0.8644016
0.8167534
0.8527701
0.8210387
0.751658
0.573717
0.7690032
0.7289052
0.8676666
0.6914601
0.8049179
0.6981941
0.5057647
0.7590042
0.6558514
0.8435874
0.5800429
0.7912458
0.9472503
0.5324967
0.9258239
0.7627793
0.7641057
0.6539129
0.6151413
0.5381084
0.7418631
0.5749413
0.5138251
0.5999388
0.486583
0.5794307
0.7155392
0.8376696
0.5865728
0.6226916
0.7309458
0.8015509
0.5580043
0.8330783
0.7440057
0.8353229
0.8200184
0.7252321
0.6824814
0.6071829
0.6690134
0.6082032
0.6951331
0.7018672
0.7529844
0.6585042
0.6987042
0.5540251
0.6063667
0.5894297
0.7773697
0.6300378
0.721457
0.5193348
0.8573615
0.7324763
0.8451178
0.6512601
0.8131823
0.7228854
0.7340067
0.7338027
0.6590144
0.506683
0.5619835
0.5432099
0.6620753
0.8845016
0.6612591
0.7019692
0.5712682
0.6042241
0.8056321
0.8483828
0.6956433
0.7388022
0.8890929
0.8100194
0.5393327
0.5474952
0.6549332
0.7691052
0.7518621
0.4942353
0.6203449
0.7171717
0.6520763
0.5596368
0.6338129
0.6629936
0.5371901
0.708193
0.7775737
0.6435058
0.7322722
0.8434854
0.8038976
0.6914601
0.7901235
0.8128762
0.5848383
0.7083971
0.7892052
0.6027956
0.795327
0.7500255
0.6124885
0.5801449
0.5563718
0.5077033
0.8327722
0.8393021
0.587083
0.7847158
0.6600347
0.7183961
0.6770738
0.6449342
0.8917457
0.4775023
0.862565
0.5259667
0.5332109
0.4551576
0.7401286
0.6129987
0.724824
0.8708295
0.6650342
0.6855423
0.6931946
0.7815529
0.6620753
0.4711764
0.7661463
0.620957
0.49648
0.5877972
0.694521
0.7724722
0.7463524
0.4955617
0.5622896
0.6497296
0.6304459
0.5753495
0.5695337
0.556882
0.7957351
0.9389858
0.5828997
0.6598306
0.6975819
0.6438119
0.5271911
0.822059
0.8325681
0.5505561
0.9722477
0.5511682
0.785124
0.5446383
0.7955311
0.5734109
0.7528824
0.7621671
0.8184879
0.7859402
0.5998368
0.5454545
0.6901337
